   0.0000000e+00   7.4556238e+01
   1.0010010e-02   5.8017944e+01
   2.0020020e-02   5.5750773e+01
   3.0030030e-02   5.5345562e+01
   4.0040040e-02   6.8868494e+01
   5.0050050e-02   6.7613786e+01
   6.0060060e-02   6.4557925e+01
   7.0070070e-02   5.7814361e+01
   8.0080080e-02   5.8641986e+01
   9.0090090e-02   6.2178315e+01
   1.0010010e-01   5.4875014e+01
   1.1011011e-01   5.4855275e+01
   1.2012012e-01   6.2620253e+01
   1.3013013e-01   5.0782247e+01
   1.4014014e-01   5.7664701e+01
   1.5015015e-01   5.9216449e+01
   1.6016016e-01   4.8758831e+01
   1.7017017e-01   5.3270013e+01
   1.8018018e-01   4.3956464e+01
   1.9019019e-01   4.2808559e+01
   2.0020020e-01   5.2772280e+01
   2.1021021e-01   4.9199192e+01
   2.2022022e-01   5.1253182e+01
   2.3023023e-01   4.3770645e+01
   2.4024024e-01   4.3345387e+01
   2.5025025e-01   4.4344197e+01
   2.6026026e-01   4.4989381e+01
   2.7027027e-01   3.8253799e+01
   2.8028028e-01   4.5426821e+01
   2.9029029e-01   4.5311741e+01
   3.0030030e-01   4.5065505e+01
   3.1031031e-01   3.8044828e+01
   3.2032032e-01   4.1020001e+01
   3.3033033e-01   4.1807008e+01
   3.4034034e-01   4.2603202e+01
   3.5035035e-01   3.6854832e+01
   3.6036036e-01   4.3560083e+01
   3.7037037e-01   4.2561318e+01
   3.8038038e-01   3.9240194e+01
   3.9039039e-01   3.4987052e+01
   4.0040040e-01   3.6155287e+01
   4.1041041e-01   3.7011323e+01
   4.2042042e-01   3.6930496e+01
   4.3043043e-01   3.8947045e+01
   4.4044044e-01   3.7124748e+01
   4.5045045e-01   3.8811190e+01
   4.6046046e-01   2.9760374e+01
   4.7047047e-01   3.0858530e+01
   4.8048048e-01   2.7945779e+01
   4.9049049e-01   3.3685991e+01
   5.0050050e-01   2.7282814e+01
   5.1051051e-01   3.5206074e+01
   5.2052052e-01   3.3189872e+01
   5.3053053e-01   3.2364913e+01
   5.4054054e-01   2.8317187e+01
   5.5055055e-01   2.8144925e+01
   5.6056056e-01   2.8316350e+01
   5.7057057e-01   2.5087013e+01
   5.8058058e-01   2.9618756e+01
   5.9059059e-01   2.7223582e+01
   6.0060060e-01   2.5723604e+01
   6.1061061e-01   2.9109819e+01
   6.2062062e-01   2.9000793e+01
   6.3063063e-01   2.7997246e+01
   6.4064064e-01   2.3364647e+01
   6.5065065e-01   2.7141778e+01
   6.6066066e-01   2.2793535e+01
   6.7067067e-01   2.3205610e+01
   6.8068068e-01   2.5664771e+01
   6.9069069e-01   2.3534413e+01
   7.0070070e-01   2.5960152e+01
   7.1071071e-01   1.9847797e+01
   7.2072072e-01   2.4817903e+01
   7.3073073e-01   1.9520551e+01
   7.4074074e-01   1.9401961e+01
   7.5075075e-01   2.3193389e+01
   7.6076076e-01   2.1606742e+01
   7.7077077e-01   1.9772052e+01
   7.8078078e-01   2.2418158e+01
   7.9079079e-01   2.1644161e+01
   8.0080080e-01   2.0587941e+01
   8.1081081e-01   1.6835507e+01
   8.2082082e-01   2.0986664e+01
   8.3083083e-01   2.0556750e+01
   8.4084084e-01   1.6592376e+01
   8.5085085e-01   1.5147784e+01
   8.6086086e-01   1.7200256e+01
   8.7087087e-01   1.9084332e+01
   8.8088088e-01   1.7415052e+01
   8.9089089e-01   1.5016685e+01
   9.0090090e-01   1.3845324e+01
   9.1091091e-01   1.7664083e+01
   9.2092092e-01   1.4500875e+01
   9.3093093e-01   1.5883401e+01
   9.4094094e-01   1.7158767e+01
   9.5095095e-01   1.3218092e+01
   9.6096096e-01   1.6290885e+01
   9.7097097e-01   1.3145189e+01
   9.8098098e-01   1.5625600e+01
   9.9099099e-01   1.4723395e+01
   1.0010010e+00   1.5388934e+01
   1.0110110e+00   1.2197297e+01
   1.0210210e+00   1.1990008e+01
   1.0310310e+00   1.3926832e+01
   1.0410410e+00   1.2040811e+01
   1.0510511e+00   1.1592818e+01
   1.0610611e+00   1.2977566e+01
   1.0710711e+00   1.2815762e+01
   1.0810811e+00   1.1955930e+01
   1.0910911e+00   1.1263096e+01
   1.1011011e+00   1.1708001e+01
   1.1111111e+00   1.1954182e+01
   1.1211211e+00   1.1885069e+01
   1.1311311e+00   9.4196923e+00
   1.1411411e+00   1.1823270e+01
   1.1511512e+00   9.7445200e+00
   1.1611612e+00   1.1079632e+01
   1.1711712e+00   1.0851850e+01
   1.1811812e+00   8.5413786e+00
   1.1911912e+00   1.0561897e+01
   1.2012012e+00   8.8761286e+00
   1.2112112e+00   1.0105763e+01
   1.2212212e+00   9.6526839e+00
   1.2312312e+00   9.7278344e+00
   1.2412412e+00   7.6329467e+00
   1.2512513e+00   9.0138214e+00
   1.2612613e+00   8.4072880e+00
   1.2712713e+00   9.2616888e+00
   1.2812813e+00   8.6203737e+00
   1.2912913e+00   9.2240480e+00
   1.3013013e+00   7.5540247e+00
   1.3113113e+00   7.3323780e+00
   1.3213213e+00   8.0192079e+00
   1.3313313e+00   7.6428158e+00
   1.3413413e+00   7.4016682e+00
   1.3513514e+00   8.4800118e+00
   1.3613614e+00   7.0848591e+00
   1.3713714e+00   7.9211804e+00
   1.3813814e+00   6.5398418e+00
   1.3913914e+00   7.8747831e+00
   1.4014014e+00   6.9716792e+00
   1.4114114e+00   7.7546726e+00
   1.4214214e+00   6.0069962e+00
   1.4314314e+00   6.9057159e+00
   1.4414414e+00   6.7103351e+00
   1.4514515e+00   6.6122777e+00
   1.4614615e+00   6.5443772e+00
   1.4714715e+00   6.0373574e+00
   1.4814815e+00   5.9486013e+00
   1.4914915e+00   6.2043478e+00
   1.5015015e+00   6.2116159e+00
   1.5115115e+00   5.1897762e+00
   1.5215215e+00   6.6972289e+00
   1.5315315e+00   6.1039761e+00
   1.5415415e+00   5.0642740e+00
   1.5515516e+00   5.5004501e+00
   1.5615616e+00   5.9045279e+00
   1.5715716e+00   5.2809421e+00
   1.5815816e+00   5.8981678e+00
   1.5915916e+00   6.0666711e+00
   1.6016016e+00   5.6045688e+00
   1.6116116e+00   4.5752080e+00
   1.6216216e+00   5.4251031e+00
   1.6316316e+00   4.7126164e+00
   1.6416416e+00   4.4451220e+00
   1.6516517e+00   4.6817648e+00
   1.6616617e+00   5.3032055e+00
   1.6716717e+00   4.3912427e+00
   1.6816817e+00   4.2372026e+00
   1.6916917e+00   4.6448457e+00
   1.7017017e+00   5.3962761e+00
   1.7117117e+00   4.1087037e+00
   1.7217217e+00   5.0710468e+00
   1.7317317e+00   5.3189048e+00
   1.7417417e+00   5.3994686e+00
   1.7517518e+00   4.6368880e+00
   1.7617618e+00   4.7676256e+00
   1.7717718e+00   5.2344773e+00
   1.7817818e+00   5.0464461e+00
   1.7917918e+00   5.0873656e+00
   1.8018018e+00   4.3358688e+00
   1.8118118e+00   4.7140488e+00
   1.8218218e+00   5.0935749e+00
   1.8318318e+00   5.0182820e+00
   1.8418418e+00   5.0339688e+00
   1.8518519e+00   4.3754242e+00
   1.8618619e+00   4.2720161e+00
   1.8718719e+00   4.0506174e+00
   1.8818819e+00   4.6342933e+00
   1.8918919e+00   4.4581767e+00
   1.9019019e+00   4.5363018e+00
   1.9119119e+00   4.3176594e+00
   1.9219219e+00   4.4913259e+00
   1.9319319e+00   4.4485657e+00
   1.9419419e+00   4.3733414e+00
   1.9519520e+00   4.8838431e+00
   1.9619620e+00   4.8687896e+00
   1.9719720e+00   4.3819804e+00
   1.9819820e+00   4.2616125e+00
   1.9919920e+00   5.0130038e+00
   2.0020020e+00   4.6365576e+00
   2.0120120e+00   4.2843928e+00
   2.0220220e+00   4.9645892e+00
   2.0320320e+00   3.8286964e+00
   2.0420420e+00   4.2735069e+00
   2.0520521e+00   4.1188126e+00
   2.0620621e+00   4.4371565e+00
   2.0720721e+00   5.1398429e+00
   2.0820821e+00   4.7851604e+00
   2.0920921e+00   4.9475478e+00
   2.1021021e+00   4.9560646e+00
   2.1121121e+00   4.2651640e+00
   2.1221221e+00   4.1067883e+00
   2.1321321e+00   4.4084405e+00
   2.1421421e+00   4.1402036e+00
   2.1521522e+00   5.1597727e+00
   2.1621622e+00   4.0997848e+00
   2.1721722e+00   4.8298437e+00
   2.1821822e+00   4.4918028e+00
   2.1921922e+00   4.0535984e+00
   2.2022022e+00   4.1311608e+00
   2.2122122e+00   4.4322633e+00
   2.2222222e+00   5.4009660e+00
   2.2322322e+00   4.9541212e+00
   2.2422422e+00   4.6265895e+00
   2.2522523e+00   5.1193432e+00
   2.2622623e+00   4.2229391e+00
   2.2722723e+00   5.5124133e+00
   2.2822823e+00   5.0649230e+00
   2.2922923e+00   4.6139991e+00
   2.3023023e+00   5.3303660e+00
   2.3123123e+00   5.4887189e+00
   2.3223223e+00   5.2402273e+00
   2.3323323e+00   4.9190698e+00
   2.3423423e+00   5.7790483e+00
   2.3523524e+00   4.5279042e+00
   2.3623624e+00   5.3246618e+00
   2.3723724e+00   5.2390578e+00
   2.3823824e+00   5.1174474e+00
   2.3923924e+00   5.2908897e+00
   2.4024024e+00   5.8754147e+00
   2.4124124e+00   5.3363925e+00
   2.4224224e+00   5.3713211e+00
   2.4324324e+00   6.2067232e+00
   2.4424424e+00   5.3750982e+00
   2.4524525e+00   4.7971040e+00
   2.4624625e+00   5.2657741e+00
   2.4724725e+00   4.9096552e+00
   2.4824825e+00   4.8880577e+00
   2.4924925e+00   5.1581985e+00
   2.5025025e+00   5.2921791e+00
   2.5125125e+00   5.1668333e+00
   2.5225225e+00   5.5372241e+00
   2.5325325e+00   5.8810929e+00
   2.5425425e+00   6.1259879e+00
   2.5525526e+00   6.3956032e+00
   2.5625626e+00   5.7705848e+00
   2.5725726e+00   6.1298558e+00
   2.5825826e+00   6.5547215e+00
   2.5925926e+00   5.7947679e+00
   2.6026026e+00   6.4263458e+00
   2.6126126e+00   5.7818474e+00
   2.6226226e+00   6.9494296e+00
   2.6326326e+00   6.1619442e+00
   2.6426426e+00   6.6170722e+00
   2.6526527e+00   6.3564689e+00
   2.6626627e+00   5.5394463e+00
   2.6726727e+00   5.9266554e+00
   2.6826827e+00   6.2557854e+00
   2.6926927e+00   6.7361448e+00
   2.7027027e+00   5.9522895e+00
   2.7127127e+00   5.5318246e+00
   2.7227227e+00   7.0671772e+00
   2.7327327e+00   6.5089812e+00
   2.7427427e+00   6.1114697e+00
   2.7527528e+00   6.3962688e+00
   2.7627628e+00   7.5974719e+00
   2.7727728e+00   6.3700703e+00
   2.7827828e+00   7.2173961e+00
   2.7927928e+00   7.6431955e+00
   2.8028028e+00   6.1039978e+00
   2.8128128e+00   6.6867348e+00
   2.8228228e+00   7.1471026e+00
   2.8328328e+00   6.0107874e+00
   2.8428428e+00   6.3995022e+00
   2.8528529e+00   7.7334223e+00
   2.8628629e+00   7.1201935e+00
   2.8728729e+00   7.7086192e+00
   2.8828829e+00   6.1368412e+00
   2.8928929e+00   6.8166908e+00
   2.9029029e+00   6.8322793e+00
   2.9129129e+00   6.3348547e+00
   2.9229229e+00   6.4546992e+00
   2.9329329e+00   6.9152690e+00
   2.9429429e+00   7.8291181e+00
   2.9529530e+00   7.6377452e+00
   2.9629630e+00   6.3185791e+00
   2.9729730e+00   8.3591133e+00
   2.9829830e+00   6.6029797e+00
   2.9929930e+00   8.3813960e+00
   3.0030030e+00   6.9239687e+00
   3.0130130e+00   8.3894737e+00
   3.0230230e+00   8.2459411e+00
   3.0330330e+00   7.5441546e+00
   3.0430430e+00   7.7277056e+00
   3.0530531e+00   6.5196545e+00
   3.0630631e+00   8.6159426e+00
   3.0730731e+00   8.4922219e+00
   3.0830831e+00   7.5698777e+00
   3.0930931e+00   8.4340201e+00
   3.1031031e+00   8.2453064e+00
   3.1131131e+00   8.5896496e+00
   3.1231231e+00   6.8968145e+00
   3.1331331e+00   7.0994649e+00
   3.1431431e+00   7.7822966e+00
   3.1531532e+00   7.7135292e+00
   3.1631632e+00   8.1365288e+00
   3.1731732e+00   6.8987231e+00
   3.1831832e+00   8.1253668e+00
   3.1931932e+00   8.8283166e+00
   3.2032032e+00   8.2619257e+00
   3.2132132e+00   9.0185845e+00
   3.2232232e+00   8.1157319e+00
   3.2332332e+00   9.0385560e+00
   3.2432432e+00   7.8531164e+00
   3.2532533e+00   9.1900481e+00
   3.2632633e+00   9.1820693e+00
   3.2732733e+00   7.9236123e+00
   3.2832833e+00   7.8253307e+00
   3.2932933e+00   8.7006508e+00
   3.3033033e+00   8.6495559e+00
   3.3133133e+00   7.9689079e+00
   3.3233233e+00   9.6116203e+00
   3.3333333e+00   7.5357831e+00
   3.3433433e+00   7.5760685e+00
   3.3533534e+00   7.8483688e+00
   3.3633634e+00   7.3718654e+00
   3.3733734e+00   7.5993990e+00
   3.3833834e+00   8.7709344e+00
   3.3933934e+00   7.6667922e+00
   3.4034034e+00   9.5450910e+00
   3.4134134e+00   8.0613216e+00
   3.4234234e+00   8.6071307e+00
   3.4334334e+00   9.2340062e+00
   3.4434434e+00   7.7938847e+00
   3.4534535e+00   8.4130949e+00
   3.4634635e+00   7.4333958e+00
   3.4734735e+00   7.9672910e+00
   3.4834835e+00   8.3687890e+00
   3.4934935e+00   9.4505698e+00
   3.5035035e+00   8.6745939e+00
   3.5135135e+00   8.7849215e+00
   3.5235235e+00   8.0586566e+00
   3.5335335e+00   9.4108591e+00
   3.5435435e+00   9.1942749e+00
   3.5535536e+00   8.4386103e+00
   3.5635636e+00   8.8732479e+00
   3.5735736e+00   9.6405856e+00
   3.5835836e+00   8.6511381e+00
   3.5935936e+00   9.4604268e+00
   3.6036036e+00   8.7084731e+00
   3.6136136e+00   8.3220049e+00
   3.6236236e+00   9.7355418e+00
   3.6336336e+00   9.4928154e+00
   3.6436436e+00   1.0106868e+01
   3.6536537e+00   1.0116726e+01
   3.6636637e+00   8.8918068e+00
   3.6736737e+00   9.3365781e+00
   3.6836837e+00   8.3229739e+00
   3.6936937e+00   7.7814744e+00
   3.7037037e+00   8.7200118e+00
   3.7137137e+00   7.8457368e+00
   3.7237237e+00   8.9990684e+00
   3.7337337e+00   9.8519142e+00
   3.7437437e+00   9.6778589e+00
   3.7537538e+00   9.4652491e+00
   3.7637638e+00   1.0218190e+01
   3.7737738e+00   8.6634319e+00
   3.7837838e+00   8.5416362e+00
   3.7937938e+00   8.0941833e+00
   3.8038038e+00   9.9521755e+00
   3.8138138e+00   8.4968233e+00
   3.8238238e+00   7.9260817e+00
   3.8338338e+00   1.0057289e+01
   3.8438438e+00   9.9137427e+00
   3.8538539e+00   9.0064752e+00
   3.8638639e+00   7.7093396e+00
   3.8738739e+00   9.3107247e+00
   3.8838839e+00   8.9201712e+00
   3.8938939e+00   7.5227992e+00
   3.9039039e+00   8.4915436e+00
   3.9139139e+00   9.4728565e+00
   3.9239239e+00   8.4351661e+00
   3.9339339e+00   7.5781143e+00
   3.9439439e+00   9.8950792e+00
   3.9539540e+00   7.6188779e+00
   3.9639640e+00   8.4341446e+00
   3.9739740e+00   7.7931783e+00
   3.9839840e+00   1.0000838e+01
   3.9939940e+00   9.1082404e+00
   4.0040040e+00   8.5756229e+00
   4.0140140e+00   7.8047700e+00
   4.0240240e+00   7.4426406e+00
   4.0340340e+00   7.6612244e+00
   4.0440440e+00   9.0346046e+00
   4.0540541e+00   8.4165001e+00
   4.0640641e+00   7.8350412e+00
   4.0740741e+00   9.7989703e+00
   4.0840841e+00   7.3431092e+00
   4.0940941e+00   7.9511017e+00
   4.1041041e+00   7.9448908e+00
   4.1141141e+00   8.6488565e+00
   4.1241241e+00   9.7703355e+00
   4.1341341e+00   8.9092953e+00
   4.1441441e+00   8.6611137e+00
   4.1541542e+00   7.5107654e+00
   4.1641642e+00   8.9846896e+00
   4.1741742e+00   9.4703220e+00
   4.1841842e+00   7.8742666e+00
   4.1941942e+00   8.4941237e+00
   4.2042042e+00   8.1161747e+00
   4.2142142e+00   8.5885726e+00
   4.2242242e+00   7.6480618e+00
   4.2342342e+00   8.6875859e+00
   4.2442442e+00   8.3202334e+00
   4.2542543e+00   8.8473953e+00
   4.2642643e+00   7.8663025e+00
   4.2742743e+00   8.3934928e+00
   4.2842843e+00   8.9614337e+00
   4.2942943e+00   7.6189753e+00
   4.3043043e+00   8.1254768e+00
   4.3143143e+00   9.0931540e+00
   4.3243243e+00   9.1666575e+00
   4.3343343e+00   9.1698639e+00
   4.3443443e+00   7.8615739e+00
   4.3543544e+00   7.1605714e+00
   4.3643644e+00   8.2126506e+00
   4.3743744e+00   7.8312823e+00
   4.3843844e+00   7.4222332e+00
   4.3943944e+00   6.8635507e+00
   4.4044044e+00   8.5151306e+00
   4.4144144e+00   7.2780084e+00
   4.4244244e+00   7.4844670e+00
   4.4344344e+00   7.8390274e+00
   4.4444444e+00   8.1435877e+00
   4.4544545e+00   6.8444620e+00
   4.4644645e+00   7.9115126e+00
   4.4744745e+00   8.0991107e+00
   4.4844845e+00   6.6081345e+00
   4.4944945e+00   8.1753718e+00
   4.5045045e+00   6.6660213e+00
   4.5145145e+00   6.4392510e+00
   4.5245245e+00   7.6570208e+00
   4.5345345e+00   6.5607848e+00
   4.5445445e+00   8.4512646e+00
   4.5545546e+00   6.8679246e+00
   4.5645646e+00   7.6367590e+00
   4.5745746e+00   8.4392251e+00
   4.5845846e+00   7.4020792e+00
   4.5945946e+00   6.8080468e+00
   4.6046046e+00   6.3118896e+00
   4.6146146e+00   6.9153865e+00
   4.6246246e+00   6.3873006e+00
   4.6346346e+00   6.3296356e+00
   4.6446446e+00   8.0200618e+00
   4.6546547e+00   6.9354443e+00
   4.6646647e+00   7.4357067e+00
   4.6746747e+00   6.5151063e+00
   4.6846847e+00   7.6170052e+00
   4.6946947e+00   7.6860514e+00
   4.7047047e+00   7.5850714e+00
   4.7147147e+00   7.0363883e+00
   4.7247247e+00   5.9175910e+00
   4.7347347e+00   5.7413355e+00
   4.7447447e+00   6.1809371e+00
   4.7547548e+00   7.3120449e+00
   4.7647648e+00   7.3210838e+00
   4.7747748e+00   6.0534543e+00
   4.7847848e+00   6.5636351e+00
   4.7947948e+00   6.9688061e+00
   4.8048048e+00   5.6443432e+00
   4.8148148e+00   6.3381212e+00
   4.8248248e+00   6.8199645e+00
   4.8348348e+00   5.9461032e+00
   4.8448448e+00   5.8112806e+00
   4.8548549e+00   5.8629731e+00
   4.8648649e+00   5.3472592e+00
   4.8748749e+00   5.8156443e+00
   4.8848849e+00   5.6159417e+00
   4.8948949e+00   6.9816090e+00
   4.9049049e+00   5.3770087e+00
   4.9149149e+00   6.5325589e+00
   4.9249249e+00   6.2823500e+00
   4.9349349e+00   5.5935947e+00
   4.9449449e+00   6.6081228e+00
   4.9549550e+00   5.6790377e+00
   4.9649650e+00   6.5389383e+00
   4.9749750e+00   5.0102806e+00
   4.9849850e+00   5.5122588e+00
   4.9949950e+00   5.6433565e+00
   5.0050050e+00   5.5356502e+00
   5.0150150e+00   5.5529228e+00
   5.0250250e+00   5.6993624e+00
   5.0350350e+00   5.9828615e+00
   5.0450450e+00   4.6952847e+00
   5.0550551e+00   4.9318085e+00
   5.0650651e+00   5.3429974e+00
   5.0750751e+00   5.0522197e+00
   5.0850851e+00   5.3604659e+00
   5.0950951e+00   4.6755227e+00
   5.1051051e+00   4.9469103e+00
   5.1151151e+00   5.0841988e+00
   5.1251251e+00   4.8713837e+00
   5.1351351e+00   4.9569773e+00
   5.1451451e+00   5.2572769e+00
   5.1551552e+00   4.3827778e+00
   5.1651652e+00   4.2749343e+00
   5.1751752e+00   5.1549350e+00
   5.1851852e+00   5.3951340e+00
   5.1951952e+00   4.9756204e+00
   5.2052052e+00   4.5561635e+00
   5.2152152e+00   4.6741779e+00
   5.2252252e+00   4.6982894e+00
   5.2352352e+00   4.6685605e+00
   5.2452452e+00   5.1570968e+00
   5.2552553e+00   3.9059225e+00
   5.2652653e+00   4.8266230e+00
   5.2752753e+00   4.4155790e+00
   5.2852853e+00   4.1578944e+00
   5.2952953e+00   4.1696050e+00
   5.3053053e+00   4.5935213e+00
   5.3153153e+00   4.8941050e+00
   5.3253253e+00   4.7020548e+00
   5.3353353e+00   4.3228679e+00
   5.3453453e+00   4.1435106e+00
   5.3553554e+00   3.5870212e+00
   5.3653654e+00   4.4036029e+00
   5.3753754e+00   3.9651827e+00
   5.3853854e+00   3.8373121e+00
   5.3953954e+00   4.1366337e+00
   5.4054054e+00   3.9473098e+00
   5.4154154e+00   4.1127590e+00
   5.4254254e+00   4.2686569e+00
   5.4354354e+00   3.7758243e+00
   5.4454454e+00   4.0854208e+00
   5.4554555e+00   4.1356692e+00
   5.4654655e+00   3.5891703e+00
   5.4754755e+00   3.4232630e+00
   5.4854855e+00   3.5041522e+00
   5.4954955e+00   3.2007112e+00
   5.5055055e+00   3.4683396e+00
   5.5155155e+00   3.8182535e+00
   5.5255255e+00   3.3181871e+00
   5.5355355e+00   3.1456938e+00
   5.5455455e+00   3.0841775e+00
   5.5555556e+00   2.9498773e+00
   5.5655656e+00   3.1597329e+00
   5.5755756e+00   3.2466341e+00
   5.5855856e+00   2.9396651e+00
   5.5955956e+00   2.9728080e+00
   5.6056056e+00   2.9842588e+00
   5.6156156e+00   2.6364707e+00
   5.6256256e+00   2.8589934e+00
   5.6356356e+00   2.5915930e+00
   5.6456456e+00   3.3387047e+00
   5.6556557e+00   2.5223902e+00
   5.6656657e+00   2.8529608e+00
   5.6756757e+00   2.5902193e+00
   5.6856857e+00   2.4385013e+00
   5.6956957e+00   2.7723853e+00
   5.7057057e+00   2.7189182e+00
   5.7157157e+00   2.6525201e+00
   5.7257257e+00   3.0457955e+00
   5.7357357e+00   2.8369055e+00
   5.7457457e+00   2.7171853e+00
   5.7557558e+00   2.4528014e+00
   5.7657658e+00   2.5884118e+00
   5.7757758e+00   2.4864835e+00
   5.7857858e+00   2.2064775e+00
   5.7957958e+00   2.3961286e+00
   5.8058058e+00   2.5636223e+00
   5.8158158e+00   2.0196715e+00
   5.8258258e+00   2.5699546e+00
   5.8358358e+00   2.1165338e+00
   5.8458458e+00   2.5709741e+00
   5.8558559e+00   1.9728834e+00
   5.8658659e+00   2.1460428e+00
   5.8758759e+00   2.1307026e+00
   5.8858859e+00   1.9174389e+00
   5.8958959e+00   2.2958139e+00
   5.9059059e+00   1.8893843e+00
   5.9159159e+00   1.9040802e+00
   5.9259259e+00   2.2497240e+00
   5.9359359e+00   2.2152125e+00
   5.9459459e+00   1.8679672e+00
   5.9559560e+00   2.2170673e+00
   5.9659660e+00   1.8397159e+00
   5.9759760e+00   2.0104858e+00
   5.9859860e+00   2.1689063e+00
   5.9959960e+00   1.9918390e+00
   6.0060060e+00   1.8533782e+00
   6.0160160e+00   1.8854408e+00
   6.0260260e+00   1.7391237e+00
   6.0360360e+00   1.7856665e+00
   6.0460460e+00   1.9033518e+00
   6.0560561e+00   1.6898821e+00
   6.0660661e+00   1.5147377e+00
   6.0760761e+00   1.6425807e+00
   6.0860861e+00   1.4598144e+00
   6.0960961e+00   1.6534382e+00
   6.1061061e+00   1.4404503e+00
   6.1161161e+00   1.7556969e+00
   6.1261261e+00   1.4499643e+00
   6.1361361e+00   1.6510675e+00
   6.1461461e+00   1.7755171e+00
   6.1561562e+00   1.5630241e+00
   6.1661662e+00   1.7659376e+00
   6.1761762e+00   1.4427768e+00
   6.1861862e+00   1.3478431e+00
   6.1961962e+00   1.3310933e+00
   6.2062062e+00   1.5914811e+00
   6.2162162e+00   1.5695321e+00
   6.2262262e+00   1.6288752e+00
   6.2362362e+00   1.5452973e+00
   6.2462462e+00   1.5016543e+00
   6.2562563e+00   1.6760944e+00
   6.2662663e+00   1.3650401e+00
   6.2762763e+00   1.6330821e+00
   6.2862863e+00   1.5114284e+00
   6.2962963e+00   1.5924229e+00
   6.3063063e+00   1.3905277e+00
   6.3163163e+00   1.3583830e+00
   6.3263263e+00   1.5700128e+00
   6.3363363e+00   1.4799218e+00
   6.3463463e+00   1.2784396e+00
   6.3563564e+00   1.2353438e+00
   6.3663664e+00   1.4397272e+00
   6.3763764e+00   1.2917816e+00
   6.3863864e+00   1.3481229e+00
   6.3963964e+00   1.5195512e+00
   6.4064064e+00   1.6021880e+00
   6.4164164e+00   1.5433866e+00
   6.4264264e+00   1.5869308e+00
   6.4364364e+00   1.2240270e+00
   6.4464464e+00   1.2865375e+00
   6.4564565e+00   1.5654099e+00
   6.4664665e+00   1.3064809e+00
   6.4764765e+00   1.6289982e+00
   6.4864865e+00   1.3539565e+00
   6.4964965e+00   1.2970499e+00
   6.5065065e+00   1.3123149e+00
   6.5165165e+00   1.3184480e+00
   6.5265265e+00   1.3165869e+00
   6.5365365e+00   1.2939926e+00
   6.5465465e+00   1.6540070e+00
   6.5565566e+00   1.6005087e+00
   6.5665666e+00   1.6329249e+00
   6.5765766e+00   1.3697120e+00
   6.5865866e+00   1.7475056e+00
   6.5965966e+00   1.4748934e+00
   6.6066066e+00   1.7295296e+00
   6.6166166e+00   1.5301697e+00
   6.6266266e+00   1.7822340e+00
   6.6366366e+00   1.7618418e+00
   6.6466466e+00   1.7547882e+00
   6.6566567e+00   1.3928099e+00
   6.6666667e+00   1.5991002e+00
   6.6766767e+00   1.4300408e+00
   6.6866867e+00   1.4735329e+00
   6.6966967e+00   1.4857247e+00
   6.7067067e+00   1.9191790e+00
   6.7167167e+00   1.5341207e+00
   6.7267267e+00   1.5602309e+00
   6.7367367e+00   1.9734567e+00
   6.7467467e+00   1.9312036e+00
   6.7567568e+00   2.0042100e+00
   6.7667668e+00   1.5919192e+00
   6.7767768e+00   2.0460287e+00
   6.7867868e+00   1.7487614e+00
   6.7967968e+00   1.7791062e+00
   6.8068068e+00   2.1929800e+00
   6.8168168e+00   2.1213355e+00
   6.8268268e+00   2.2193991e+00
   6.8368368e+00   2.2906609e+00
   6.8468468e+00   2.1185964e+00
   6.8568569e+00   2.2482056e+00
   6.8668669e+00   2.2651577e+00
   6.8768769e+00   2.2592597e+00
   6.8868869e+00   2.3864133e+00
   6.8968969e+00   2.2909851e+00
   6.9069069e+00   2.0301287e+00
   6.9169169e+00   2.4763520e+00
   6.9269269e+00   2.4478099e+00
   6.9369369e+00   2.1876998e+00
   6.9469469e+00   2.1549296e+00
   6.9569570e+00   2.2716382e+00
   6.9669670e+00   2.3893318e+00
   6.9769770e+00   2.7045020e+00
   6.9869870e+00   2.3232365e+00
   6.9969970e+00   2.9593590e+00
   7.0070070e+00   2.3508104e+00
   7.0170170e+00   2.4088033e+00
   7.0270270e+00   2.4977427e+00
   7.0370370e+00   3.0357932e+00
   7.0470470e+00   3.1469535e+00
   7.0570571e+00   2.4429354e+00
   7.0670671e+00   2.6959805e+00
   7.0770771e+00   2.7914276e+00
   7.0870871e+00   2.5620494e+00
   7.0970971e+00   3.0240789e+00
   7.1071071e+00   2.9801121e+00
   7.1171171e+00   3.3937799e+00
   7.1271271e+00   3.5029065e+00
   7.1371371e+00   3.0183541e+00
   7.1471471e+00   3.5100072e+00
   7.1571572e+00   3.7764991e+00
   7.1671672e+00   2.9895230e+00
   7.1771772e+00   3.8053870e+00
   7.1871872e+00   3.3221340e+00
   7.1971972e+00   3.6601874e+00
   7.2072072e+00   3.4074978e+00
   7.2172172e+00   4.0868470e+00
   7.2272272e+00   3.5123389e+00
   7.2372372e+00   3.6809064e+00
   7.2472472e+00   4.0484925e+00
   7.2572573e+00   3.7641776e+00
   7.2672673e+00   4.0897162e+00
   7.2772773e+00   3.8953465e+00
   7.2872873e+00   4.0940149e+00
   7.2972973e+00   4.1923039e+00
   7.3073073e+00   3.9280618e+00
   7.3173173e+00   3.5707665e+00
   7.3273273e+00   4.2426716e+00
   7.3373373e+00   3.9509250e+00
   7.3473473e+00   4.0617499e+00
   7.3573574e+00   4.9880373e+00
   7.3673674e+00   4.9681132e+00
   7.3773774e+00   5.1732935e+00
   7.3873874e+00   5.2407250e+00
   7.3973974e+00   4.8799679e+00
   7.4074074e+00   4.7163915e+00
   7.4174174e+00   4.6667273e+00
   7.4274274e+00   4.7091029e+00
   7.4374374e+00   4.7025575e+00
   7.4474474e+00   4.5892651e+00
   7.4574575e+00   5.2144435e+00
   7.4674675e+00   5.5422380e+00
   7.4774775e+00   5.8117285e+00
   7.4874875e+00   5.6568783e+00
   7.4974975e+00   6.0643082e+00
   7.5075075e+00   5.3484648e+00
   7.5175175e+00   5.8553045e+00
   7.5275275e+00   5.5155105e+00
   7.5375375e+00   4.8413577e+00
   7.5475475e+00   6.3916023e+00
   7.5575576e+00   5.3564682e+00
   7.5675676e+00   6.1071386e+00
   7.5775776e+00   5.3101975e+00
   7.5875876e+00   6.3005191e+00
   7.5975976e+00   6.3116199e+00
   7.6076076e+00   5.6239170e+00
   7.6176176e+00   6.6872875e+00
   7.6276276e+00   6.7063226e+00
   7.6376376e+00   5.4499945e+00
   7.6476476e+00   5.4926110e+00
   7.6576577e+00   7.1975666e+00
   7.6676677e+00   6.5001740e+00
   7.6776777e+00   6.8119103e+00
   7.6876877e+00   6.4066967e+00
   7.6976977e+00   6.6455747e+00
   7.7077077e+00   7.8940448e+00
   7.7177177e+00   6.1084229e+00
   7.7277277e+00   7.6487966e+00
   7.7377377e+00   7.6615155e+00
   7.7477477e+00   6.2417756e+00
   7.7577578e+00   8.2865050e+00
   7.7677678e+00   8.0521912e+00
   7.7777778e+00   7.9066517e+00
   7.7877878e+00   7.3362255e+00
   7.7977978e+00   7.4928304e+00
   7.8078078e+00   6.5611667e+00
   7.8178178e+00   8.6255999e+00
   7.8278278e+00   7.1246734e+00
   7.8378378e+00   7.3506361e+00
   7.8478478e+00   8.9478167e+00
   7.8578579e+00   7.6550722e+00
   7.8678679e+00   7.7833646e+00
   7.8778779e+00   8.6128697e+00
   7.8878879e+00   7.3138925e+00
   7.8978979e+00   9.2095292e+00
   7.9079079e+00   7.6636233e+00
   7.9179179e+00   9.6816698e+00
   7.9279279e+00   9.6684458e+00
   7.9379379e+00   8.6260797e+00
   7.9479479e+00   1.0003118e+01
   7.9579580e+00   9.2189086e+00
   7.9679680e+00   9.0060584e+00
   7.9779780e+00   9.9771083e+00
   7.9879880e+00   1.0368535e+01
   7.9979980e+00   9.8925466e+00
   8.0080080e+00   1.0586793e+01
   8.0180180e+00   8.3483821e+00
   8.0280280e+00   8.9819484e+00
   8.0380380e+00   1.0522590e+01
   8.0480480e+00   1.0719013e+01
   8.0580581e+00   1.0234688e+01
   8.0680681e+00   8.6441674e+00
   8.0780781e+00   1.0890134e+01
   8.0880881e+00   1.1491146e+01
   8.0980981e+00   9.5097860e+00
   8.1081081e+00   1.1036213e+01
   8.1181181e+00   9.9089616e+00
   8.1281281e+00   9.7804428e+00
   8.1381381e+00   1.0713576e+01
   8.1481481e+00   1.0081426e+01
   8.1581582e+00   9.2215089e+00
   8.1681682e+00   1.0087310e+01
   8.1781782e+00   1.2030745e+01
   8.1881882e+00   1.1155839e+01
   8.1981982e+00   1.2351116e+01
   8.2082082e+00   1.0105610e+01
   8.2182182e+00   1.2166077e+01
   8.2282282e+00   1.0404310e+01
   8.2382382e+00   1.2115601e+01
   8.2482482e+00   1.0015021e+01
   8.2582583e+00   1.1621035e+01
   8.2682683e+00   1.1560211e+01
   8.2782783e+00   1.1778572e+01
   8.2882883e+00   1.2370100e+01
   8.2982983e+00   1.2115244e+01
   8.3083083e+00   1.1949538e+01
   8.3183183e+00   1.1024625e+01
   8.3283283e+00   1.1555100e+01
   8.3383383e+00   1.1018803e+01
   8.3483483e+00   1.1562332e+01
   8.3583584e+00   1.0501987e+01
   8.3683684e+00   1.0798498e+01
   8.3783784e+00   1.1229683e+01
   8.3883884e+00   1.1008714e+01
   8.3983984e+00   1.1376784e+01
   8.4084084e+00   1.4292311e+01
   8.4184184e+00   1.3794365e+01
   8.4284284e+00   1.1625986e+01
   8.4384384e+00   1.3402116e+01
   8.4484484e+00   1.4290080e+01
   8.4584585e+00   1.3642902e+01
   8.4684685e+00   1.2026197e+01
   8.4784785e+00   1.4577693e+01
   8.4884885e+00   1.3411674e+01
   8.4984985e+00   1.1451572e+01
   8.5085085e+00   1.3122218e+01
   8.5185185e+00   1.5037293e+01
   8.5285285e+00   1.4782190e+01
   8.5385385e+00   1.5218064e+01
   8.5485485e+00   1.3072936e+01
   8.5585586e+00   1.4866536e+01
   8.5685686e+00   1.3304721e+01
   8.5785786e+00   1.1603029e+01
   8.5885886e+00   1.2910933e+01
   8.5985986e+00   1.2472050e+01
   8.6086086e+00   1.5197574e+01
   8.6186186e+00   1.3523164e+01
   8.6286286e+00   1.4057014e+01
   8.6386386e+00   1.3923167e+01
   8.6486486e+00   1.4625260e+01
   8.6586587e+00   1.2950134e+01
   8.6686687e+00   1.4289027e+01
   8.6786787e+00   1.4876125e+01
   8.6886887e+00   1.4566083e+01
   8.6986987e+00   1.5954547e+01
   8.7087087e+00   1.2515367e+01
   8.7187187e+00   1.2779694e+01
   8.7287287e+00   1.4460307e+01
   8.7387387e+00   1.2874781e+01
   8.7487487e+00   1.3814566e+01
   8.7587588e+00   1.2453182e+01
   8.7687688e+00   1.6086514e+01
   8.7787788e+00   1.5289810e+01
   8.7887888e+00   1.2324787e+01
   8.7987988e+00   1.5568039e+01
   8.8088088e+00   1.4577586e+01
   8.8188188e+00   1.5145185e+01
   8.8288288e+00   1.4899320e+01
   8.8388388e+00   1.2643269e+01
   8.8488488e+00   1.5238828e+01
   8.8588589e+00   1.4357656e+01
   8.8688689e+00   1.4125201e+01
   8.8788789e+00   1.2645764e+01
   8.8888889e+00   1.4396670e+01
   8.8988989e+00   1.3067337e+01
   8.9089089e+00   1.3490889e+01
   8.9189189e+00   1.3701574e+01
   8.9289289e+00   1.2739422e+01
   8.9389389e+00   1.2843378e+01
   8.9489489e+00   1.2764035e+01
   8.9589590e+00   1.5339565e+01
   8.9689690e+00   1.3035759e+01
   8.9789790e+00   1.2594955e+01
   8.9889890e+00   1.6751755e+01
   8.9989990e+00   1.2555748e+01
   9.0090090e+00   1.3388010e+01
   9.0190190e+00   1.2728765e+01
   9.0290290e+00   1.6023322e+01
   9.0390390e+00   1.4276440e+01
   9.0490490e+00   1.2871776e+01
   9.0590591e+00   1.2483067e+01
   9.0690691e+00   1.3335679e+01
   9.0790791e+00   1.4333582e+01
   9.0890891e+00   1.5102657e+01
   9.0990991e+00   1.5438795e+01
   9.1091091e+00   1.5091998e+01
   9.1191191e+00   1.4265762e+01
   9.1291291e+00   1.4699936e+01
   9.1391391e+00   1.4743739e+01
   9.1491491e+00   1.2876616e+01
   9.1591592e+00   1.3094892e+01
   9.1691692e+00   1.5043942e+01
   9.1791792e+00   1.3844198e+01
   9.1891892e+00   1.3989787e+01
   9.1991992e+00   1.5689308e+01
   9.2092092e+00   1.5546812e+01
   9.2192192e+00   1.3963384e+01
   9.2292292e+00   1.2918168e+01
   9.2392392e+00   1.2187698e+01
   9.2492492e+00   1.3441944e+01
   9.2592593e+00   1.5748843e+01
   9.2692693e+00   1.5520606e+01
   9.2792793e+00   1.2164100e+01
   9.2892893e+00   1.2511347e+01
   9.2992993e+00   1.2471963e+01
   9.3093093e+00   1.3678337e+01
   9.3193193e+00   1.3693699e+01
   9.3293293e+00   1.2530145e+01
   9.3393393e+00   1.1671487e+01
   9.3493493e+00   1.2007502e+01
   9.3593594e+00   1.4301785e+01
   9.3693694e+00   1.2026932e+01
   9.3793794e+00   1.1417873e+01
   9.3893894e+00   1.2947235e+01
   9.3993994e+00   1.0934673e+01
   9.4094094e+00   1.4193750e+01
   9.4194194e+00   1.1875828e+01
   9.4294294e+00   1.2859388e+01
   9.4394394e+00   1.3569842e+01
   9.4494494e+00   1.3323002e+01
   9.4594595e+00   1.2399600e+01
   9.4694695e+00   1.2076490e+01
   9.4794795e+00   1.0370493e+01
   9.4894895e+00   1.1008511e+01
   9.4994995e+00   1.0992729e+01
   9.5095095e+00   1.2618849e+01
   9.5195195e+00   1.2112010e+01
   9.5295295e+00   9.6274411e+00
   9.5395395e+00   1.0343150e+01
   9.5495495e+00   9.6945156e+00
   9.5595596e+00   8.8324505e+00
   9.5695696e+00   1.1469050e+01
   9.5795796e+00   8.8015399e+00
   9.5895896e+00   9.4995912e+00
   9.5995996e+00   1.1004750e+01
   9.6096096e+00   9.4920384e+00
   9.6196196e+00   9.8157984e+00
   9.6296296e+00   8.3385061e+00
   9.6396396e+00   9.0741923e+00
   9.6496496e+00   9.2020850e+00
   9.6596597e+00   7.2811840e+00
   9.6696697e+00   6.9436716e+00
   9.6796797e+00   7.7193642e+00
   9.6896897e+00   7.5460222e+00
   9.6996997e+00   7.4543511e+00
   9.7097097e+00   6.7277400e+00
   9.7197197e+00   7.2055285e+00
   9.7297297e+00   6.2904132e+00
   9.7397397e+00   6.9639394e+00
   9.7497497e+00   6.1746351e+00
   9.7597598e+00   5.7995170e+00
   9.7697698e+00   5.6016886e+00
   9.7797798e+00   4.9462807e+00
   9.7897898e+00   5.2283535e+00
   9.7997998e+00   5.2697318e+00
   9.8098098e+00   4.2650844e+00
   9.8198198e+00   3.8120750e+00
   9.8298298e+00   3.5608739e+00
   9.8398398e+00   3.3321576e+00
   9.8498498e+00   3.7602024e+00
   9.8598599e+00   3.4752863e+00
   9.8698699e+00   2.9729686e+00
   9.8798799e+00   2.2366116e+00
   9.8898899e+00   2.0094022e+00
   9.8998999e+00   1.9105867e+00
   9.9099099e+00   1.6175187e+00
   9.9199199e+00   1.3608308e+00
   9.9299299e+00   9.0293196e-01
   9.9399399e+00   5.4286542e-01
   9.9499499e+00   1.6047207e-01
   9.9599600e+00  -1.7398054e-01
   9.9699700e+00  -5.0158425e-01
   9.9799800e+00  -8.2164248e-01
   9.9899900e+00  -1.2467364e+00
   1.0000000e+01  -1.4572986e+00
