   0.0000000e+00   5.8465280e+00
   1.0010010e-02   6.5102469e+00
   2.0020020e-02   4.9100275e+00
   3.0030030e-02   5.5588081e+00
   4.0040040e-02   5.1538144e+00
   5.0050050e-02   5.1299210e+00
   6.0060060e-02   5.0099212e+00
   7.0070070e-02   4.9662569e+00
   8.0080080e-02   5.5237077e+00
   9.0090090e-02   4.8719984e+00
   1.0010010e-01   5.4293149e+00
   1.1011011e-01   5.9311995e+00
   1.2012012e-01   5.6229202e+00
   1.3013013e-01   5.1628296e+00
   1.4014014e-01   5.3659319e+00
   1.5015015e-01   5.8015070e+00
   1.6016016e-01   4.9897595e+00
   1.7017017e-01   4.8506696e+00
   1.8018018e-01   4.8918333e+00
   1.9019019e-01   5.2518622e+00
   2.0020020e-01   4.9559839e+00
   2.1021021e-01   6.0354617e+00
   2.2022022e-01   5.5819144e+00
   2.3023023e-01   5.3041538e+00
   2.4024024e-01   4.6969839e+00
   2.5025025e-01   5.3804172e+00
   2.6026026e-01   6.2266816e+00
   2.7027027e-01   6.1048076e+00
   2.8028028e-01   6.1998336e+00
   2.9029029e-01   5.1160035e+00
   3.0030030e-01   6.2520495e+00
   3.1031031e-01   4.9183789e+00
   3.2032032e-01   4.6655255e+00
   3.3033033e-01   5.8040091e+00
   3.4034034e-01   4.8724841e+00
   3.5035035e-01   5.1748882e+00
   3.6036036e-01   5.2986253e+00
   3.7037037e-01   6.1867275e+00
   3.8038038e-01   5.7373177e+00
   3.9039039e-01   5.6246068e+00
   4.0040040e-01   5.1611174e+00
   4.1041041e-01   5.2568632e+00
   4.2042042e-01   5.5198437e+00
   4.3043043e-01   5.7508711e+00
   4.4044044e-01   4.8539793e+00
   4.5045045e-01   5.5156090e+00
   4.6046046e-01   4.7336941e+00
   4.7047047e-01   5.5457430e+00
   4.8048048e-01   5.0716502e+00
   4.9049049e-01   5.0276966e+00
   5.0050050e-01   5.6970834e+00
   5.1051051e-01   4.9885761e+00
   5.2052052e-01   5.8146225e+00
   5.3053053e-01   5.6316173e+00
   5.4054054e-01   6.1490148e+00
   5.5055055e-01   5.0603677e+00
   5.6056056e-01   5.2349585e+00
   5.7057057e-01   5.0378876e+00
   5.8058058e-01   6.1334259e+00
   5.9059059e-01   4.9031198e+00
   6.0060060e-01   5.1702631e+00
   6.1061061e-01   6.0239815e+00
   6.2062062e-01   5.1529767e+00
   6.3063063e-01   5.1938357e+00
   6.4064064e-01   5.8977747e+00
   6.5065065e-01   5.6675062e+00
   6.6066066e-01   5.7421531e+00
   6.7067067e-01   5.5458972e+00
   6.8068068e-01   5.4081514e+00
   6.9069069e-01   5.1356519e+00
   7.0070070e-01   4.9704028e+00
   7.1071071e-01   5.8704616e+00
   7.2072072e-01   5.2385924e+00
   7.3073073e-01   4.9191653e+00
   7.4074074e-01   5.3561309e+00
   7.5075075e-01   5.0007973e+00
   7.6076076e-01   5.1981666e+00
   7.7077077e-01   4.9729014e+00
   7.8078078e-01   6.2157573e+00
   7.9079079e-01   4.8708891e+00
   8.0080080e-01   4.9474297e+00
   8.1081081e-01   5.3619848e+00
   8.2082082e-01   5.7234495e+00
   8.3083083e-01   5.9786266e+00
   8.4084084e-01   5.6221770e+00
   8.5085085e-01   5.9964446e+00
   8.6086086e-01   6.0496758e+00
   8.7087087e-01   6.2523457e+00
   8.8088088e-01   5.0329900e+00
   8.9089089e-01   5.1523224e+00
   9.0090090e-01   6.1802436e+00
   9.1091091e-01   6.1317648e+00
   9.2092092e-01   5.6129481e+00
   9.3093093e-01   5.2911768e+00
   9.4094094e-01   6.0300955e+00
   9.5095095e-01   5.9421578e+00
   9.6096096e-01   5.5038068e+00
   9.7097097e-01   5.3227704e+00
   9.8098098e-01   5.4064896e+00
   9.9099099e-01   5.4816214e+00
   1.0010010e+00   6.5924996e+00
   1.0110110e+00   6.0053358e+00
   1.0210210e+00   5.2653389e+00
   1.0310310e+00   6.5929981e+00
   1.0410410e+00   5.5831828e+00
   1.0510511e+00   6.6763315e+00
   1.0610611e+00   6.2018943e+00
   1.0710711e+00   6.5427905e+00
   1.0810811e+00   6.0623648e+00
   1.0910911e+00   5.2903062e+00
   1.1011011e+00   5.3007976e+00
   1.1111111e+00   5.6794119e+00
   1.1211211e+00   6.3282649e+00
   1.1311311e+00   5.2644225e+00
   1.1411411e+00   6.7769443e+00
   1.1511512e+00   6.6305166e+00
   1.1611612e+00   6.8129549e+00
   1.1711712e+00   5.6271182e+00
   1.1811812e+00   6.1636498e+00
   1.1911912e+00   7.0081817e+00
   1.2012012e+00   6.0394451e+00
   1.2112112e+00   5.8733257e+00
   1.2212212e+00   7.0957655e+00
   1.2312312e+00   5.4109073e+00
   1.2412412e+00   6.8131991e+00
   1.2512513e+00   5.9900633e+00
   1.2612613e+00   5.9431062e+00
   1.2712713e+00   6.3359273e+00
   1.2812813e+00   6.5275311e+00
   1.2912913e+00   5.6424207e+00
   1.3013013e+00   5.5935003e+00
   1.3113113e+00   7.1012102e+00
   1.3213213e+00   5.7382826e+00
   1.3313313e+00   6.1364855e+00
   1.3413413e+00   5.8298158e+00
   1.3513514e+00   5.7679144e+00
   1.3613614e+00   7.5203256e+00
   1.3713714e+00   6.9969409e+00
   1.3813814e+00   7.4384027e+00
   1.3913914e+00   7.4618271e+00
   1.4014014e+00   7.6193323e+00
   1.4114114e+00   6.0604692e+00
   1.4214214e+00   6.7872595e+00
   1.4314314e+00   6.1066312e+00
   1.4414414e+00   5.8008670e+00
   1.4514515e+00   7.6724822e+00
   1.4614615e+00   5.9751259e+00
   1.4714715e+00   7.3723259e+00
   1.4814815e+00   7.6426527e+00
   1.4914915e+00   7.8647592e+00
   1.5015015e+00   6.5349879e+00
   1.5115115e+00   6.3465365e+00
   1.5215215e+00   6.1044119e+00
   1.5315315e+00   6.6158286e+00
   1.5415415e+00   6.9974597e+00
   1.5515516e+00   6.0773390e+00
   1.5615616e+00   7.4262297e+00
   1.5715716e+00   6.5943879e+00
   1.5815816e+00   6.8412922e+00
   1.5915916e+00   7.5147255e+00
   1.6016016e+00   7.9084731e+00
   1.6116116e+00   7.8950601e+00
   1.6216216e+00   7.7634363e+00
   1.6316316e+00   7.7372245e+00
   1.6416416e+00   7.5339758e+00
   1.6516517e+00   7.7245391e+00
   1.6616617e+00   6.7387678e+00
   1.6716717e+00   7.4191272e+00
   1.6816817e+00   6.2241668e+00
   1.6916917e+00   6.9222050e+00
   1.7017017e+00   6.6399864e+00
   1.7117117e+00   6.4377473e+00
   1.7217217e+00   7.7669177e+00
   1.7317317e+00   7.1541658e+00
   1.7417417e+00   8.1499977e+00
   1.7517518e+00   6.3808019e+00
   1.7617618e+00   6.4551650e+00
   1.7717718e+00   7.0452916e+00
   1.7817818e+00   7.6393246e+00
   1.7917918e+00   7.7975116e+00
   1.8018018e+00   8.3573419e+00
   1.8118118e+00   8.3023195e+00
   1.8218218e+00   6.4525689e+00
   1.8318318e+00   7.5934938e+00
   1.8418418e+00   7.0734157e+00
   1.8518519e+00   8.1151803e+00
   1.8618619e+00   7.2769901e+00
   1.8718719e+00   8.1167283e+00
   1.8818819e+00   8.1596770e+00
   1.8918919e+00   8.7189350e+00
   1.9019019e+00   8.8188331e+00
   1.9119119e+00   8.0077213e+00
   1.9219219e+00   7.2607775e+00
   1.9319319e+00   7.1826227e+00
   1.9419419e+00   7.0157592e+00
   1.9519520e+00   8.5551740e+00
   1.9619620e+00   8.0311890e+00
   1.9719720e+00   8.8914406e+00
   1.9819820e+00   7.0065232e+00
   1.9919920e+00   7.9085989e+00
   2.0020020e+00   8.7257102e+00
   2.0120120e+00   6.7623728e+00
   2.0220220e+00   8.7120680e+00
   2.0320320e+00   7.3314875e+00
   2.0420420e+00   8.0495283e+00
   2.0520521e+00   6.9579938e+00
   2.0620621e+00   7.7604071e+00
   2.0720721e+00   8.0256086e+00
   2.0820821e+00   8.6173943e+00
   2.0920921e+00   8.0431008e+00
   2.1021021e+00   8.6642894e+00
   2.1121121e+00   8.3673150e+00
   2.1221221e+00   6.9315158e+00
   2.1321321e+00   9.1413955e+00
   2.1421421e+00   8.7803530e+00
   2.1521522e+00   7.5956798e+00
   2.1621622e+00   7.6249226e+00
   2.1721722e+00   7.4443393e+00
   2.1821822e+00   7.9612436e+00
   2.1921922e+00   8.6898246e+00
   2.2022022e+00   7.2802765e+00
   2.2122122e+00   7.5795332e+00
   2.2222222e+00   7.9412661e+00
   2.2322322e+00   8.9789026e+00
   2.2422422e+00   8.0516705e+00
   2.2522523e+00   9.0578256e+00
   2.2622623e+00   7.5270071e+00
   2.2722723e+00   8.4465482e+00
   2.2822823e+00   8.8262549e+00
   2.2922923e+00   7.5727386e+00
   2.3023023e+00   8.8590782e+00
   2.3123123e+00   8.0034959e+00
   2.3223223e+00   9.0106036e+00
   2.3323323e+00   8.8858906e+00
   2.3423423e+00   9.5304627e+00
   2.3523524e+00   9.0750325e+00
   2.3623624e+00   7.7230236e+00
   2.3723724e+00   9.8041547e+00
   2.3823824e+00   9.2565685e+00
   2.3923924e+00   7.5664616e+00
   2.4024024e+00   8.5621664e+00
   2.4124124e+00   7.3350444e+00
   2.4224224e+00   7.9634073e+00
   2.4324324e+00   9.7227362e+00
   2.4424424e+00   8.9384791e+00
   2.4524525e+00   7.9888312e+00
   2.4624625e+00   9.9424672e+00
   2.4724725e+00   9.7972487e+00
   2.4824825e+00   8.0871510e+00
   2.4924925e+00   9.0375949e+00
   2.5025025e+00   8.6647357e+00
   2.5125125e+00   7.5168019e+00
   2.5225225e+00   7.6943066e+00
   2.5325325e+00   1.0041721e+01
   2.5425425e+00   7.9814531e+00
   2.5525526e+00   8.7852430e+00
   2.5625626e+00   7.7099430e+00
   2.5725726e+00   7.9351763e+00
   2.5825826e+00   7.8410553e+00
   2.5925926e+00   7.5785594e+00
   2.6026026e+00   8.0369131e+00
   2.6126126e+00   7.8677752e+00
   2.6226226e+00   9.3131470e+00
   2.6326326e+00   7.6744501e+00
   2.6426426e+00   8.8954641e+00
   2.6526527e+00   7.9763429e+00
   2.6626627e+00   8.5481289e+00
   2.6726727e+00   9.4497965e+00
   2.6826827e+00   9.2478466e+00
   2.6926927e+00   8.7971837e+00
   2.7027027e+00   8.5460477e+00
   2.7127127e+00   1.0171296e+01
   2.7227227e+00   8.6670205e+00
   2.7327327e+00   7.7546840e+00
   2.7427427e+00   7.7946525e+00
   2.7527528e+00   8.7920814e+00
   2.7627628e+00   9.7771529e+00
   2.7727728e+00   8.7401202e+00
   2.7827828e+00   9.8047125e+00
   2.7927928e+00   9.4559622e+00
   2.8028028e+00   1.0308158e+01
   2.8128128e+00   8.3666341e+00
   2.8228228e+00   9.8481190e+00
   2.8328328e+00   8.1546942e+00
   2.8428428e+00   8.4597988e+00
   2.8528529e+00   8.1600967e+00
   2.8628629e+00   1.0256312e+01
   2.8728729e+00   1.0331586e+01
   2.8828829e+00   7.7746292e+00
   2.8928929e+00   8.6700177e+00
   2.9029029e+00   8.3068246e+00
   2.9129129e+00   8.3239652e+00
   2.9229229e+00   8.1691649e+00
   2.9329329e+00   8.5237047e+00
   2.9429429e+00   1.0239736e+01
   2.9529530e+00   9.8621618e+00
   2.9629630e+00   9.6641853e+00
   2.9729730e+00   9.3954115e+00
   2.9829830e+00   9.2637687e+00
   2.9929930e+00   8.8514804e+00
   3.0030030e+00   1.0382667e+01
   3.0130130e+00   9.4768683e+00
   3.0230230e+00   1.0253408e+01
   3.0330330e+00   9.3098128e+00
   3.0430430e+00   9.8465989e+00
   3.0530531e+00   9.6012290e+00
   3.0630631e+00   9.4604721e+00
   3.0730731e+00   1.0123867e+01
   3.0830831e+00   9.6707606e+00
   3.0930931e+00   9.3010203e+00
   3.1031031e+00   8.0869279e+00
   3.1131131e+00   1.0524611e+01
   3.1231231e+00   1.0004385e+01
   3.1331331e+00   8.8009593e+00
   3.1431431e+00   9.7486440e+00
   3.1531532e+00   9.5580830e+00
   3.1631632e+00   8.8960967e+00
   3.1731732e+00   1.0217394e+01
   3.1831832e+00   1.0407030e+01
   3.1931932e+00   8.6731612e+00
   3.2032032e+00   1.0011302e+01
   3.2132132e+00   8.5327666e+00
   3.2232232e+00   9.6823044e+00
   3.2332332e+00   9.9627359e+00
   3.2432432e+00   1.0593991e+01
   3.2532533e+00   8.3647685e+00
   3.2632633e+00   8.7124260e+00
   3.2732733e+00   9.0593091e+00
   3.2832833e+00   9.1662705e+00
   3.2932933e+00   9.8467437e+00
   3.3033033e+00   7.9525052e+00
   3.3133133e+00   8.9455594e+00
   3.3233233e+00   8.7504209e+00
   3.3333333e+00   7.8599856e+00
   3.3433433e+00   1.0104618e+01
   3.3533534e+00   9.4175631e+00
   3.3633634e+00   9.9279999e+00
   3.3733734e+00   8.3367295e+00
   3.3833834e+00   9.9730815e+00
   3.3933934e+00   8.3995340e+00
   3.4034034e+00   9.1097769e+00
   3.4134134e+00   8.0977063e+00
   3.4234234e+00   8.0739864e+00
   3.4334334e+00   9.2321138e+00
   3.4434434e+00   1.0450725e+01
   3.4534535e+00   8.8329259e+00
   3.4634635e+00   9.8705327e+00
   3.4734735e+00   7.9399715e+00
   3.4834835e+00   9.2580848e+00
   3.4934935e+00   9.8907133e+00
   3.5035035e+00   9.5245468e+00
   3.5135135e+00   8.5866736e+00
   3.5235235e+00   8.8436896e+00
   3.5335335e+00   7.7457805e+00
   3.5435435e+00   8.1777942e+00
   3.5535536e+00   9.6775794e+00
   3.5635636e+00   8.3526207e+00
   3.5735736e+00   7.8071610e+00
   3.5835836e+00   9.0612987e+00
   3.5935936e+00   8.9752568e+00
   3.6036036e+00   9.1599866e+00
   3.6136136e+00   9.7723656e+00
   3.6236236e+00   7.7081950e+00
   3.6336336e+00   8.4583855e+00
   3.6436436e+00   7.9548066e+00
   3.6536537e+00   9.1925130e+00
   3.6636637e+00   7.8336076e+00
   3.6736737e+00   8.3794793e+00
   3.6836837e+00   8.8896939e+00
   3.6936937e+00   9.2289303e+00
   3.7037037e+00   1.0106976e+01
   3.7137137e+00   8.1682751e+00
   3.7237237e+00   8.1545789e+00
   3.7337337e+00   9.6362542e+00
   3.7437437e+00   7.8209859e+00
   3.7537538e+00   8.3019604e+00
   3.7637638e+00   1.0194573e+01
   3.7737738e+00   8.2009570e+00
   3.7837838e+00   9.4405993e+00
   3.7937938e+00   9.4535220e+00
   3.8038038e+00   9.9771766e+00
   3.8138138e+00   9.7946862e+00
   3.8238238e+00   9.4399794e+00
   3.8338338e+00   1.0005950e+01
   3.8438438e+00   8.8880196e+00
   3.8538539e+00   8.3094474e+00
   3.8638639e+00   8.9526018e+00
   3.8738739e+00   8.6986745e+00
   3.8838839e+00   7.9480487e+00
   3.8938939e+00   8.7104729e+00
   3.9039039e+00   8.1932723e+00
   3.9139139e+00   9.5273996e+00
   3.9239239e+00   7.5288846e+00
   3.9339339e+00   9.0342987e+00
   3.9439439e+00   8.5757834e+00
   3.9539540e+00   8.6497939e+00
   3.9639640e+00   8.5070853e+00
   3.9739740e+00   9.2410982e+00
   3.9839840e+00   9.4315998e+00
   3.9939940e+00   8.5193242e+00
   4.0040040e+00   7.6611484e+00
   4.0140140e+00   8.8271886e+00
   4.0240240e+00   7.1865729e+00
   4.0340340e+00   8.4971108e+00
   4.0440440e+00   7.8266515e+00
   4.0540541e+00   8.4184620e+00
   4.0640641e+00   8.2041479e+00
   4.0740741e+00   9.2383736e+00
   4.0840841e+00   7.7163730e+00
   4.0940941e+00   7.4409902e+00
   4.1041041e+00   8.7730823e+00
   4.1141141e+00   8.8598185e+00
   4.1241241e+00   8.8798331e+00
   4.1341341e+00   8.4485314e+00
   4.1441441e+00   8.5912308e+00
   4.1541542e+00   8.9610789e+00
   4.1641642e+00   7.7336148e+00
   4.1741742e+00   7.1846614e+00
   4.1841842e+00   7.1787788e+00
   4.1941942e+00   8.3139581e+00
   4.2042042e+00   7.6837807e+00
   4.2142142e+00   7.0529585e+00
   4.2242242e+00   7.1438052e+00
   4.2342342e+00   8.1294449e+00
   4.2442442e+00   6.7921717e+00
   4.2542543e+00   8.7989277e+00
   4.2642643e+00   8.2560663e+00
   4.2742743e+00   8.3755402e+00
   4.2842843e+00   7.3900321e+00
   4.2942943e+00   7.9660018e+00
   4.3043043e+00   7.2007211e+00
   4.3143143e+00   6.7313093e+00
   4.3243243e+00   6.8357812e+00
   4.3343343e+00   6.8161606e+00
   4.3443443e+00   8.3394892e+00
   4.3543544e+00   7.4538466e+00
   4.3643644e+00   6.9172383e+00
   4.3743744e+00   7.3554797e+00
   4.3843844e+00   8.4893991e+00
   4.3943944e+00   7.4329547e+00
   4.4044044e+00   7.8195041e+00
   4.4144144e+00   7.1238386e+00
   4.4244244e+00   7.5973050e+00
   4.4344344e+00   7.1538617e+00
   4.4444444e+00   8.1548504e+00
   4.4544545e+00   7.6615194e+00
   4.4644645e+00   7.9033393e+00
   4.4744745e+00   7.8041375e+00
   4.4844845e+00   8.0483427e+00
   4.4944945e+00   6.3514986e+00
   4.5045045e+00   7.3748582e+00
   4.5145145e+00   8.2094799e+00
   4.5245245e+00   7.7541151e+00
   4.5345345e+00   7.4151555e+00
   4.5445445e+00   8.0811453e+00
   4.5545546e+00   8.1812445e+00
   4.5645646e+00   7.0578628e+00
   4.5745746e+00   6.9513499e+00
   4.5845846e+00   7.2059178e+00
   4.5945946e+00   7.5214167e+00
   4.6046046e+00   7.7693877e+00
   4.6146146e+00   7.5792094e+00
   4.6246246e+00   7.8183935e+00
   4.6346346e+00   7.1813544e+00
   4.6446446e+00   6.8746176e+00
   4.6546547e+00   6.3783064e+00
   4.6646647e+00   6.6263920e+00
   4.6746747e+00   7.1508836e+00
   4.6846847e+00   5.7788202e+00
   4.6946947e+00   5.6914100e+00
   4.7047047e+00   7.6040752e+00
   4.7147147e+00   6.4932292e+00
   4.7247247e+00   6.7665446e+00
   4.7347347e+00   6.1646306e+00
   4.7447447e+00   7.4526015e+00
   4.7547548e+00   6.2750558e+00
   4.7647648e+00   6.2308974e+00
   4.7747748e+00   5.9948883e+00
   4.7847848e+00   6.4015594e+00
   4.7947948e+00   6.8163501e+00
   4.8048048e+00   5.7837754e+00
   4.8148148e+00   6.8603889e+00
   4.8248248e+00   6.2285268e+00
   4.8348348e+00   6.9304434e+00
   4.8448448e+00   5.4409221e+00
   4.8548549e+00   6.2901211e+00
   4.8648649e+00   6.7372368e+00
   4.8748749e+00   6.0821406e+00
   4.8848849e+00   6.0096001e+00
   4.8948949e+00   6.1633103e+00
   4.9049049e+00   5.8801913e+00
   4.9149149e+00   5.3874608e+00
   4.9249249e+00   6.0656139e+00
   4.9349349e+00   6.1556276e+00
   4.9449449e+00   5.8029992e+00
   4.9549550e+00   5.8025713e+00
   4.9649650e+00   5.1715071e+00
   4.9749750e+00   6.3312702e+00
   4.9849850e+00   4.8723509e+00
   4.9949950e+00   6.3690119e+00
   5.0050050e+00   4.9368590e+00
   5.0150150e+00   4.8231458e+00
   5.0250250e+00   5.4351531e+00
   5.0350350e+00   5.9503599e+00
   5.0450450e+00   5.9997910e+00
   5.0550551e+00   4.6999058e+00
   5.0650651e+00   5.6469218e+00
   5.0750751e+00   5.6001603e+00
   5.0850851e+00   5.6030756e+00
   5.0950951e+00   4.8193955e+00
   5.1051051e+00   4.9155090e+00
   5.1151151e+00   5.5759190e+00
   5.1251251e+00   4.8237539e+00
   5.1351351e+00   5.0521784e+00
   5.1451451e+00   4.5411911e+00
   5.1551552e+00   5.1447434e+00
   5.1651652e+00   5.3477643e+00
   5.1751752e+00   5.3575392e+00
   5.1851852e+00   4.1243748e+00
   5.1951952e+00   4.8700261e+00
   5.2052052e+00   4.6800280e+00
   5.2152152e+00   4.4276240e+00
   5.2252252e+00   4.0896149e+00
   5.2352352e+00   4.9672241e+00
   5.2452452e+00   4.8112376e+00
   5.2552553e+00   4.3265755e+00
   5.2652653e+00   5.0194681e+00
   5.2752753e+00   4.9047373e+00
   5.2852853e+00   4.3757867e+00
   5.2952953e+00   4.7468313e+00
   5.3053053e+00   4.4416969e+00
   5.3153153e+00   4.0149485e+00
   5.3253253e+00   4.3640676e+00
   5.3353353e+00   4.2855463e+00
   5.3453453e+00   4.2254968e+00
   5.3553554e+00   4.4875591e+00
   5.3653654e+00   4.3769487e+00
   5.3753754e+00   3.7872424e+00
   5.3853854e+00   4.4263139e+00
   5.3953954e+00   3.9590990e+00
   5.4054054e+00   3.9285958e+00
   5.4154154e+00   3.4350489e+00
   5.4254254e+00   3.6227048e+00
   5.4354354e+00   4.2780402e+00
   5.4454454e+00   3.3563803e+00
   5.4554555e+00   3.6976954e+00
   5.4654655e+00   3.4155139e+00
   5.4754755e+00   3.7862360e+00
   5.4854855e+00   3.0773521e+00
   5.4954955e+00   3.4368635e+00
   5.5055055e+00   3.1843940e+00
   5.5155155e+00   3.4917207e+00
   5.5255255e+00   3.1680370e+00
   5.5355355e+00   2.9986176e+00
   5.5455455e+00   3.4799306e+00
   5.5555556e+00   3.1693840e+00
   5.5655656e+00   3.3393936e+00
   5.5755756e+00   3.3150378e+00
   5.5855856e+00   3.0279237e+00
   5.5955956e+00   2.7474688e+00
   5.6056056e+00   2.7037029e+00
   5.6156156e+00   3.3446781e+00
   5.6256256e+00   3.1369771e+00
   5.6356356e+00   3.2658280e+00
   5.6456456e+00   3.0324224e+00
   5.6556557e+00   2.5166063e+00
   5.6656657e+00   2.3055470e+00
   5.6756757e+00   2.6159363e+00
   5.6856857e+00   2.5183708e+00
   5.6956957e+00   2.2195190e+00
   5.7057057e+00   2.3220512e+00
   5.7157157e+00   2.5261872e+00
   5.7257257e+00   2.5414745e+00
   5.7357357e+00   2.5637917e+00
   5.7457457e+00   2.1521701e+00
   5.7557558e+00   1.9965358e+00
   5.7657658e+00   2.1748360e+00
   5.7757758e+00   1.9788352e+00
   5.7857858e+00   2.1911526e+00
   5.7957958e+00   2.0053010e+00
   5.8058058e+00   1.9480953e+00
   5.8158158e+00   1.8395206e+00
   5.8258258e+00   1.8944642e+00
   5.8358358e+00   1.8019944e+00
   5.8458458e+00   1.7507669e+00
   5.8558559e+00   1.9176818e+00
   5.8658659e+00   1.7817387e+00
   5.8758759e+00   1.9555958e+00
   5.8858859e+00   1.6401790e+00
   5.8958959e+00   1.7229235e+00
   5.9059059e+00   1.6062094e+00
   5.9159159e+00   1.7407171e+00
   5.9259259e+00   1.6348435e+00
   5.9359359e+00   1.3479091e+00
   5.9459459e+00   1.2741700e+00
   5.9559560e+00   1.2676965e+00
   5.9659660e+00   1.5353215e+00
   5.9759760e+00   1.3776091e+00
   5.9859860e+00   1.2869300e+00
   5.9959960e+00   1.2551736e+00
   6.0060060e+00   1.0998554e+00
   6.0160160e+00   9.9974902e-01
   6.0260260e+00   1.1780213e+00
   6.0360360e+00   1.1483776e+00
   6.0460460e+00   9.3624875e-01
   6.0560561e+00   9.7408723e-01
   6.0660661e+00   9.7522877e-01
   6.0760761e+00   8.2709162e-01
   6.0860861e+00   7.5034123e-01
   6.0960961e+00   8.0783372e-01
   6.1061061e+00   6.2724565e-01
   6.1161161e+00   7.5960652e-01
   6.1261261e+00   6.4876096e-01
   6.1361361e+00   5.5645360e-01
   6.1461461e+00   4.8140420e-01
   6.1561562e+00   4.4254232e-01
   6.1661662e+00   4.6525237e-01
   6.1761762e+00   4.0221764e-01
   6.1861862e+00   3.3538702e-01
   6.1961962e+00   3.4743857e-01
   6.2062062e+00   2.8078002e-01
   6.2162162e+00   2.1242927e-01
   6.2262262e+00   1.5263260e-01
   6.2362362e+00   1.4235879e-01
   6.2462462e+00   9.2676611e-02
   6.2562563e+00   3.9655818e-02
   6.2662663e+00  -2.1809546e-03
   6.2762763e+00  -4.0028792e-02
   6.2862863e+00  -7.7648873e-02
   6.2962963e+00  -1.3073979e-01
   6.3063063e+00  -1.5130443e-01
   6.3163163e+00  -2.4033337e-01
   6.3263263e+00  -2.3024035e-01
   6.3363363e+00  -3.1410161e-01
   6.3463463e+00  -3.9425411e-01
   6.3563564e+00  -4.1749896e-01
   6.3663664e+00  -3.6751452e-01
   6.3763764e+00  -4.0568856e-01
   6.3863864e+00  -5.9148398e-01
   6.3963964e+00  -5.5669629e-01
   6.4064064e+00  -6.5004695e-01
   6.4164164e+00  -6.7789724e-01
   6.4264264e+00  -5.8049173e-01
   6.4364364e+00  -6.9149695e-01
   6.4464464e+00  -7.7487911e-01
   6.4564565e+00  -6.9597870e-01
   6.4664665e+00  -7.4907358e-01
   6.4764765e+00  -9.2561838e-01
   6.4864865e+00  -1.0353140e+00
   6.4964965e+00  -9.6529579e-01
   6.5065065e+00  -1.0948800e+00
   6.5165165e+00  -1.0850397e+00
   6.5265265e+00  -1.0939342e+00
   6.5365365e+00  -1.0763124e+00
   6.5465465e+00  -1.0925987e+00
   6.5565566e+00  -1.0447295e+00
   6.5665666e+00  -1.2660731e+00
   6.5765766e+00  -1.4604867e+00
   6.5865866e+00  -1.2956219e+00
   6.5965966e+00  -1.2786307e+00
   6.6066066e+00  -1.1996971e+00
   6.6166166e+00  -1.3079193e+00
   6.6266266e+00  -1.6793909e+00
   6.6366366e+00  -1.5020090e+00
   6.6466466e+00  -1.5572563e+00
   6.6566567e+00  -1.4613848e+00
   6.6666667e+00  -1.7564313e+00
   6.6766767e+00  -1.4869827e+00
   6.6866867e+00  -1.9261893e+00
   6.6966967e+00  -1.8361542e+00
   6.7067067e+00  -1.8260071e+00
   6.7167167e+00  -1.8651161e+00
   6.7267267e+00  -1.8182786e+00
   6.7367367e+00  -1.9303104e+00
   6.7467467e+00  -1.8465263e+00
   6.7567568e+00  -1.8624122e+00
   6.7667668e+00  -2.2211091e+00
   6.7767768e+00  -2.2448574e+00
   6.7867868e+00  -2.1833013e+00
   6.7967968e+00  -2.0526511e+00
   6.8068068e+00  -1.9160321e+00
   6.8168168e+00  -1.9034379e+00
   6.8268268e+00  -2.4486853e+00
   6.8368368e+00  -2.1060452e+00
   6.8468468e+00  -1.9259248e+00
   6.8568569e+00  -2.3492233e+00
   6.8668669e+00  -2.5203376e+00
   6.8768769e+00  -2.5234540e+00
   6.8868869e+00  -2.2662109e+00
   6.8968969e+00  -2.6581233e+00
   6.9069069e+00  -2.7950694e+00
   6.9169169e+00  -2.4164741e+00
   6.9269269e+00  -2.5651408e+00
   6.9369369e+00  -2.4634286e+00
   6.9469469e+00  -2.8825149e+00
   6.9569570e+00  -2.5404578e+00
   6.9669670e+00  -2.5420169e+00
   6.9769770e+00  -2.3016871e+00
   6.9869870e+00  -2.6180160e+00
   6.9969970e+00  -2.5161236e+00
   7.0070070e+00  -2.8122227e+00
   7.0170170e+00  -2.5809346e+00
   7.0270270e+00  -3.1232901e+00
   7.0370370e+00  -3.1493555e+00
   7.0470470e+00  -2.7234315e+00
   7.0570571e+00  -3.2786911e+00
   7.0670671e+00  -3.1212650e+00
   7.0770771e+00  -3.1433278e+00
   7.0870871e+00  -2.8556676e+00
   7.0970971e+00  -3.3828161e+00
   7.1071071e+00  -2.9581810e+00
   7.1171171e+00  -3.2782360e+00
   7.1271271e+00  -2.7606693e+00
   7.1371371e+00  -3.0104806e+00
   7.1471471e+00  -3.0798411e+00
   7.1571572e+00  -2.7654275e+00
   7.1671672e+00  -2.9351066e+00
   7.1771772e+00  -3.5550720e+00
   7.1871872e+00  -3.0038304e+00
   7.1971972e+00  -3.5882287e+00
   7.2072072e+00  -3.3752799e+00
   7.2172172e+00  -3.4085404e+00
   7.2272272e+00  -2.8504385e+00
   7.2372372e+00  -3.2079416e+00
   7.2472472e+00  -3.5855654e+00
   7.2572573e+00  -3.1134936e+00
   7.2672673e+00  -2.9014751e+00
   7.2772773e+00  -3.2956721e+00
   7.2872873e+00  -3.4552761e+00
   7.2972973e+00  -3.0397254e+00
   7.3073073e+00  -3.6630451e+00
   7.3173173e+00  -2.9006333e+00
   7.3273273e+00  -3.5903197e+00
   7.3373373e+00  -3.4351318e+00
   7.3473473e+00  -3.2808152e+00
   7.3573574e+00  -3.9149068e+00
   7.3673674e+00  -3.7995244e+00
   7.3773774e+00  -2.9593947e+00
   7.3873874e+00  -3.6939031e+00
   7.3973974e+00  -3.6023895e+00
   7.4074074e+00  -3.4385574e+00
   7.4174174e+00  -3.3628303e+00
   7.4274274e+00  -3.8801589e+00
   7.4374374e+00  -3.5597839e+00
   7.4474474e+00  -2.9963114e+00
   7.4574575e+00  -3.6245986e+00
   7.4674675e+00  -3.0463254e+00
   7.4774775e+00  -3.4354447e+00
   7.4874875e+00  -3.6341954e+00
   7.4974975e+00  -4.0154419e+00
   7.5075075e+00  -3.3066813e+00
   7.5175175e+00  -3.4134773e+00
   7.5275275e+00  -3.0846453e+00
   7.5375375e+00  -4.0116461e+00
   7.5475475e+00  -3.8155884e+00
   7.5575576e+00  -3.9425733e+00
   7.5675676e+00  -3.0832656e+00
   7.5775776e+00  -3.2579582e+00
   7.5875876e+00  -4.1172618e+00
   7.5975976e+00  -4.0334305e+00
   7.6076076e+00  -3.9361787e+00
   7.6176176e+00  -3.7361018e+00
   7.6276276e+00  -3.7450549e+00
   7.6376376e+00  -3.8725686e+00
   7.6476476e+00  -3.1360394e+00
   7.6576577e+00  -3.7926924e+00
   7.6676677e+00  -3.2802175e+00
   7.6776777e+00  -4.0635167e+00
   7.6876877e+00  -3.3171993e+00
   7.6976977e+00  -3.0502293e+00
   7.7077077e+00  -3.0349991e+00
   7.7177177e+00  -3.8419291e+00
   7.7277277e+00  -3.3541363e+00
   7.7377377e+00  -3.1346548e+00
   7.7477477e+00  -3.6995247e+00
   7.7577578e+00  -3.8596654e+00
   7.7677678e+00  -3.5160191e+00
   7.7777778e+00  -3.7687685e+00
   7.7877878e+00  -3.8555444e+00
   7.7977978e+00  -3.7084694e+00
   7.8078078e+00  -3.8800810e+00
   7.8178178e+00  -3.0185797e+00
   7.8278278e+00  -2.9777956e+00
   7.8378378e+00  -3.2632564e+00
   7.8478478e+00  -3.0873450e+00
   7.8578579e+00  -3.3582357e+00
   7.8678679e+00  -3.3994286e+00
   7.8778779e+00  -3.6103898e+00
   7.8878879e+00  -2.8735266e+00
   7.8978979e+00  -3.0273672e+00
   7.9079079e+00  -2.8470856e+00
   7.9179179e+00  -3.6607592e+00
   7.9279279e+00  -2.9774573e+00
   7.9379379e+00  -3.1816087e+00
   7.9479479e+00  -3.1109994e+00
   7.9579580e+00  -2.8990301e+00
   7.9679680e+00  -3.4051918e+00
   7.9779780e+00  -2.7293207e+00
   7.9879880e+00  -2.7296456e+00
   7.9979980e+00  -2.6943526e+00
   8.0080080e+00  -2.9248424e+00
   8.0180180e+00  -2.6473518e+00
   8.0280280e+00  -2.8965028e+00
   8.0380380e+00  -2.6870389e+00
   8.0480480e+00  -2.9536798e+00
   8.0580581e+00  -3.1319384e+00
   8.0680681e+00  -3.2225559e+00
   8.0780781e+00  -2.4953845e+00
   8.0880881e+00  -2.9439700e+00
   8.0980981e+00  -2.6174949e+00
   8.1081081e+00  -3.1148744e+00
   8.1181181e+00  -3.0245575e+00
   8.1281281e+00  -2.5658267e+00
   8.1381381e+00  -2.6274528e+00
   8.1481481e+00  -2.6287734e+00
   8.1581582e+00  -2.5668868e+00
   8.1681682e+00  -2.5150423e+00
   8.1781782e+00  -2.4885161e+00
   8.1881882e+00  -2.3859475e+00
   8.1981982e+00  -2.5577324e+00
   8.2082082e+00  -2.0249092e+00
   8.2182182e+00  -2.5301469e+00
   8.2282282e+00  -2.2089920e+00
   8.2382382e+00  -2.3644316e+00
   8.2482482e+00  -1.8591260e+00
   8.2582583e+00  -1.9190095e+00
   8.2682683e+00  -1.7545430e+00
   8.2782783e+00  -2.1147590e+00
   8.2882883e+00  -1.8959390e+00
   8.2982983e+00  -1.9464480e+00
   8.3083083e+00  -2.0041316e+00
   8.3183183e+00  -1.8419468e+00
   8.3283283e+00  -1.6785141e+00
   8.3383383e+00  -1.5470097e+00
   8.3483483e+00  -1.6771038e+00
   8.3583584e+00  -1.4691884e+00
   8.3683684e+00  -1.6563158e+00
   8.3783784e+00  -1.5559786e+00
   8.3883884e+00  -1.2747792e+00
   8.3983984e+00  -1.5151079e+00
   8.4084084e+00  -1.3658607e+00
   8.4184184e+00  -1.1911961e+00
   8.4284284e+00  -1.3015645e+00
   8.4384384e+00  -1.1401867e+00
   8.4484484e+00  -9.2942736e-01
   8.4584585e+00  -8.8681552e-01
   8.4684685e+00  -9.3432639e-01
   8.4784785e+00  -9.0012766e-01
   8.4884885e+00  -6.9712519e-01
   8.4984985e+00  -6.3682463e-01
   8.5085085e+00  -5.2353435e-01
   8.5185185e+00  -5.3218984e-01
   8.5285285e+00  -5.0501951e-01
   8.5385385e+00  -4.2326818e-01
   8.5485485e+00  -3.1982799e-01
   8.5585586e+00  -2.1978188e-01
   8.5685686e+00  -1.7186641e-01
   8.5785786e+00  -7.4933040e-02
   8.5885886e+00   3.1295854e-03
   8.5985986e+00   9.5510258e-02
   8.6086086e+00   1.4971079e-01
   8.6186186e+00   2.8368248e-01
   8.6286286e+00   3.6988091e-01
   8.6386386e+00   3.8571338e-01
   8.6486486e+00   4.4132652e-01
   8.6586587e+00   6.1857105e-01
   8.6686687e+00   6.7555845e-01
   8.6786787e+00   6.8231797e-01
   8.6886887e+00   7.6736545e-01
   8.6986987e+00   1.0041088e+00
   8.7087087e+00   9.9213068e-01
   8.7187187e+00   1.0105699e+00
   8.7287287e+00   1.3167425e+00
   8.7387387e+00   1.1369810e+00
   8.7487487e+00   1.6394891e+00
   8.7587588e+00   1.3697812e+00
   8.7687688e+00   1.8004043e+00
   8.7787788e+00   1.8677551e+00
   8.7887888e+00   1.8378144e+00
   8.7987988e+00   1.8661672e+00
   8.8088088e+00   1.7456113e+00
   8.8188188e+00   2.3175367e+00
   8.8288288e+00   2.0554556e+00
   8.8388388e+00   2.6250117e+00
   8.8488488e+00   2.2166298e+00
   8.8588589e+00   2.8856055e+00
   8.8688689e+00   2.4163567e+00
   8.8788789e+00   2.7914048e+00
   8.8888889e+00   3.0467084e+00
   8.8988989e+00   2.9045312e+00
   8.9089089e+00   3.2870102e+00
   8.9189189e+00   3.6791318e+00
   8.9289289e+00   3.8782547e+00
   8.9389389e+00   3.3706853e+00
   8.9489489e+00   4.0176693e+00
   8.9589590e+00   3.3691488e+00
   8.9689690e+00   3.3353550e+00
   8.9789790e+00   4.1083413e+00
   8.9889890e+00   4.5226153e+00
   8.9989990e+00   3.9323904e+00
   9.0090090e+00   4.3748590e+00
   9.0190190e+00   3.8824211e+00
   9.0290290e+00   5.2289509e+00
   9.0390390e+00   5.2965538e+00
   9.0490490e+00   5.1854171e+00
   9.0590591e+00   5.1556918e+00
   9.0690691e+00   4.7438814e+00
   9.0790791e+00   5.2434016e+00
   9.0890891e+00   5.3542134e+00
   9.0990991e+00   5.5281336e+00
   9.1091091e+00   6.4286654e+00
   9.1191191e+00   6.5997454e+00
   9.1291291e+00   6.7149961e+00
   9.1391391e+00   6.0139910e+00
   9.1491491e+00   5.6362170e+00
   9.1591592e+00   5.9924018e+00
   9.1691692e+00   6.1690260e+00
   9.1791792e+00   6.3231444e+00
   9.1891892e+00   7.0014378e+00
   9.1991992e+00   6.8644411e+00
   9.2092092e+00   6.4443254e+00
   9.2192192e+00   7.3359451e+00
   9.2292292e+00   6.7766913e+00
   9.2392392e+00   7.2719631e+00
   9.2492492e+00   8.5661036e+00
   9.2592593e+00   7.9525970e+00
   9.2692693e+00   7.9997592e+00
   9.2792793e+00   8.1392830e+00
   9.2892893e+00   7.3754075e+00
   9.2992993e+00   7.6973373e+00
   9.3093093e+00   8.0689740e+00
   9.3193193e+00   8.5353409e+00
   9.3293293e+00   8.5074779e+00
   9.3393393e+00   9.3873471e+00
   9.3493493e+00   9.6263351e+00
   9.3593594e+00   8.9125638e+00
   9.3693694e+00   1.0165077e+01
   9.3793794e+00   1.0905010e+01
   9.3893894e+00   9.2812295e+00
   9.3993994e+00   9.5202271e+00
   9.4094094e+00   1.1700287e+01
   9.4194194e+00   1.0103790e+01
   9.4294294e+00   9.6201380e+00
   9.4394394e+00   1.0762982e+01
   9.4494494e+00   1.1449165e+01
   9.4594595e+00   1.3058071e+01
   9.4694695e+00   1.0823620e+01
   9.4794795e+00   1.0732179e+01
   9.4894895e+00   1.3591186e+01
   9.4994995e+00   1.3014687e+01
   9.5095095e+00   1.3106494e+01
   9.5195195e+00   1.1028039e+01
   9.5295295e+00   1.1193617e+01
   9.5395395e+00   1.4323283e+01
   9.5495495e+00   1.3274544e+01
   9.5595596e+00   1.3414922e+01
   9.5695696e+00   1.3274451e+01
   9.5795796e+00   1.3003649e+01
   9.5895896e+00   1.4009177e+01
   9.5995996e+00   1.5351337e+01
   9.6096096e+00   1.3285389e+01
   9.6196196e+00   1.5338382e+01
   9.6296296e+00   1.5813302e+01
   9.6396396e+00   1.6122993e+01
   9.6496496e+00   1.5484102e+01
   9.6596597e+00   1.6723469e+01
   9.6696697e+00   1.4697925e+01
   9.6796797e+00   1.7059100e+01
   9.6896897e+00   1.4574414e+01
   9.6996997e+00   1.7065473e+01
   9.7097097e+00   1.6705499e+01
   9.7197197e+00   1.4682232e+01
   9.7297297e+00   1.6352747e+01
   9.7397397e+00   1.5426792e+01
   9.7497497e+00   2.0486943e+01
   9.7597598e+00   1.9500191e+01
   9.7697698e+00   1.7308742e+01
   9.7797798e+00   1.7901628e+01
   9.7897898e+00   1.9604758e+01
   9.7997998e+00   2.0377684e+01
   9.8098098e+00   1.9909260e+01
   9.8198198e+00   2.1615735e+01
   9.8298298e+00   1.7941268e+01
   9.8398398e+00   2.2552327e+01
   9.8498498e+00   1.7632779e+01
   9.8598599e+00   2.1898542e+01
   9.8698699e+00   2.0071612e+01
   9.8798799e+00   1.8683295e+01
   9.8898899e+00   1.9074827e+01
   9.8998999e+00   2.3269160e+01
   9.9099099e+00   2.0769044e+01
   9.9199199e+00   2.2068540e+01
   9.9299299e+00   2.5929453e+01
   9.9399399e+00   2.6232499e+01
   9.9499499e+00   2.5717052e+01
   9.9599600e+00   2.1720954e+01
   9.9699700e+00   2.0561258e+01
   9.9799800e+00   2.7047066e+01
   9.9899900e+00   2.4336633e+01
   1.0000000e+01   2.3968439e+01
