0.0000 
0.0000 
0.0377 
0.2251 
0.6386 
1.4476 
2.5853 
3.9805 
6.2818 
8.6946 
11.0853 
14.2749 
18.8522 
21.4599 
25.5623 
28.5933 
33.7132 
35.4970 
36.7865 
40.0863 
40.5994 
38.5942 
41.0843 
38.9256 
38.1460 
37.6315 
40.5787 
40.6517 
37.8839 
39.8062 
39.0432 
40.1796 
39.6204 
41.1475 
39.7500 
41.4492 
39.1156 
39.2164 
39.2337 
40.2198 
39.7135 
41.4109 
39.2922 
40.9022 
39.5522 
39.5046 
39.0167 
40.0881 
41.1739 
39.8379 
37.9050 
37.7831 
39.7501 
40.5651 
38.5911 
39.4320 
39.3000 
37.5293 
38.5804 
40.3799 
40.4538 
41.2303 
38.6905 
37.9038 
38.3122 
38.0038 
39.6092 
41.1237 
38.0946 
39.8019 
37.5315 
39.2532 
37.9296 
38.4059 
37.8671 
37.4933 
40.8046 
40.0420 
37.9539 
39.0570 
38.4539 
37.4307 
39.3105 
37.5208 
40.6622 
37.8478 
38.1388 
39.2492 
38.0853 
38.6727 
39.4560 
39.8709 
40.0323 
38.3227 
37.4460 
38.3963 
38.5938 
38.5091 
39.7050 
37.6746 
37.1561 
37.0477 
40.5479 
38.0033 
37.4054 
40.2282 
39.0690 
37.7200 
40.1580 
36.7584 
38.2054 
38.4174 
38.9774 
38.7043 
40.1508 
36.9596 
39.6351 
37.6062 
36.9297 
38.1393 
38.6946 
37.4606 
36.5816 
37.0853 
38.2523 
38.9584 
38.2128 
39.2505 
39.2749 
36.5269 
37.3900 
37.5948 
39.6741 
38.9501 
37.4784 
38.3646 
39.4381 
39.9291 
37.5516 
38.1029 
36.5115 
37.7589 
36.2447 
38.5312 
37.1509 
38.7100 
37.0322 
37.9835 
36.2383 
36.3480 
38.1055 
38.7409 
38.5527 
38.7570 
37.1411 
38.2854 
37.9662 
38.9870 
37.2323 
36.3607 
36.2378 
38.0948 
38.6264 
38.5750 
37.2438 
37.5624 
35.5689 
35.9718 
36.6107 
37.7224 
38.1044 
36.4621 
36.9874 
36.6794 
37.1299 
35.6118 
36.5275 
35.6597 
36.1372 
37.4699 
38.5415 
38.0357 
37.2254 
36.6746 
38.0909 
36.1164 
35.7533 
36.5592 
35.2119 
35.6224 
35.6928 
35.9300 
37.9889 
37.7351 
36.7874 
35.4129 
34.8295 
36.5484 
38.0860 
37.0938 
36.9331 
36.5145 
34.8572 
35.1791 
37.2231 
36.4449 
37.6092 
36.9031 
37.7131 
36.4393 
35.2075 
36.6082 
35.3142 
37.5610 
34.5756 
36.4787 
35.8634 
36.9576 
36.3865 
34.3534 
36.8232 
36.7562 
35.3491 
34.1630 
35.8344 
34.4174 
33.7593 
36.3305 
33.5140 
35.5385 
36.1962 
34.4866 
34.8460 
35.2380 
35.2035 
34.3343 
35.6467 
33.2857 
35.3715 
32.9038 
32.5469 
32.6179 
32.8967 
33.9060 
33.6816 
32.8383 
31.6335 
31.9676 
32.6663 
31.4052 
33.9268 
33.2178 
33.7111 
32.4207 
32.6590 
33.1128 
33.6904 
31.9713 
30.5930 
31.3169 
32.7724 
32.9635 
31.7402 
32.9946 
33.0461 
30.8422 
29.9148 
30.4537 
30.4445 
32.0397 
30.3426 
29.8180 
31.9713 
29.3566 
30.2954 
32.1702 
29.2289 
29.2451 
29.8660 
31.2376 
30.2195 
29.1665 
28.7498 
29.2388 
28.8755 
30.2611 
29.4192 
29.3955 
28.7811 
30.8064 
28.8936 
29.5300 
29.8641 
29.9479 
30.0244 
29.6647 
29.7729 
29.0738 
29.1367 
29.9466 
29.3828 
28.4899 
28.8731 
28.1838 
30.3583 
29.2833 
30.5116 
29.4384 
28.0224 
28.9508 
28.9133 
28.3957 
27.9907 
28.1424 
30.2008 
27.6799 
28.3004 
28.3839 
28.2211 
29.1956 
27.7593 
28.7854 
28.1667 
28.0751 
27.8379 
27.3198 
28.3931 
27.7851 
27.5531 
28.7382 
28.0505 
27.3942 
28.0640 
29.6355 
28.0188 
27.5799 
28.8066 
28.7402 
27.8671 
29.2663 
28.2212 
28.0666 
28.3385 
29.0594 
27.6274 
28.1909 
29.0746 
27.4659 
28.2543 
27.2651 
27.8103 
29.5579 
28.5374 
27.7752 
27.4679 
29.9855 
29.6113 
30.0092 
28.6140 
29.8451 
28.3771 
30.0790 
28.9852 
27.8820 
27.9581 
30.4146 
28.0311 
29.7710 
28.4128 
30.0361 
28.5523 
30.5889 
30.2107 
31.0575 
31.0898 
28.9696 
30.2911 
30.6507 
31.3057 
29.4981 
31.3557 
29.7131 
30.5741 
29.7855 
30.9554 
32.2660 
32.1587 
31.6418 
31.8389 
32.6441 
33.1105 
32.6117 
33.7318 
31.0903 
33.2085 
33.6968 
33.1835 
33.8595 
33.3386 
34.0728 
31.1125 
32.6988 
33.8866 
31.3617 
32.4393 
32.5497 
33.7619 
31.4423 
34.0320 
33.4332 
33.2572 
33.1762 
33.4425 
32.1041 
34.4889 
32.0361 
33.0561 
32.1611 
34.5268 
35.3577 
32.4476 
33.8376 
35.4024 
34.1141 
33.5971 
32.9541 
35.3397 
33.7772 
33.7651 
34.5819 
34.9555 
33.3930 
33.3439 
35.2503 
33.3755 
35.0617 
35.9991 
35.3760 
32.7625 
34.0281 
34.3818 
35.4337 
35.8369 
34.1288 
34.5964 
34.7458 
33.6933 
35.7776 
33.8349 
35.6589 
35.2647 
35.4391 
33.1078 
33.2906 
33.0237 
32.8803 
33.4870 
34.2187 
34.8432 
33.3310 
35.8558 
32.8511 
35.6019 
32.7448 
33.2140 
34.3076 
33.6945 
34.7305 
34.0455 
35.3239 
33.4949 
34.1499 
33.3384 
32.2753 
33.8252 
32.5774 
33.5978 
32.9508 
33.4528 
33.5349 
32.8110 
34.7496 
31.9270 
34.0426 
32.1934 
33.7009 
32.7231 
31.2142 
31.5570 
31.0491 
33.1567 
31.1369 
31.2049 
31.3362 
31.0925 
31.7665 
33.1630 
33.0427 
32.6128 
31.2592 
32.2002 
32.3186 
32.6674 
32.2577 
32.4665 
30.0264 
30.5625 
31.8237 
29.4936 
29.6074 
29.8551 
30.9865 
30.2540 
31.0260 
29.0911 
30.5051 
31.2058 
31.7625 
30.0724 
28.6304 
30.9292 
29.4317 
29.1089 
31.3365 
28.5085 
28.3480 
28.2019 
28.8842 
29.9499 
28.7132 
28.7277 
30.4036 
30.4956 
30.2425 
30.4994 
28.2330 
29.7111 
29.2886 
29.5156 
29.9609 
29.3603 
28.0166 
29.7904 
30.0806 
27.6907 
27.9081 
28.9317 
28.2761 
28.7944 
28.4403 
29.9267 
27.6840 
29.2181 
27.9410 
28.4127 
29.9701 
30.3099 
30.2334 
29.8864 
30.5018 
28.6362 
28.2559 
28.1200 
30.7748 
28.5211 
31.1379 
28.4628 
30.6610 
30.5925 
29.2144 
30.8419 
29.1219 
29.2480 
31.6937 
29.6033 
30.2996 
31.8101 
31.2103 
30.3317 
32.0048 
31.4994 
32.2060 
31.1181 
30.7719 
30.7223 
30.6774 
33.4711 
33.1036 
33.6406 
34.0494 
31.3385 
32.6485 
33.0492 
34.7483 
34.4877 
33.3222 
34.9002 
35.0182 
33.5155 
32.7756 
