0.0000 
0.0000 
0.0342 
0.1885 
0.5558 
1.2039 
2.3057 
3.7261 
5.5051 
7.8196 
10.5702 
13.8285 
15.6482 
19.8114 
23.1986 
25.2341 
30.1422 
31.0933 
32.2673 
35.7226 
34.0599 
35.8993 
36.6485 
35.9284 
33.5735 
35.8799 
35.4827 
34.2039 
34.2236 
36.5758 
33.9500 
36.6320 
33.1666 
35.4993 
33.4825 
36.6064 
33.4223 
33.2918 
33.8018 
36.4246 
33.7392 
33.6178 
35.3716 
36.4431 
36.4581 
33.4835 
36.2450 
33.6309 
34.6398 
36.0025 
35.8362 
34.7393 
33.8263 
34.3853 
33.7323 
34.3319 
34.0467 
35.2575 
34.5462 
32.9740 
33.2031 
34.0864 
34.6571 
35.6393 
32.8819 
34.0328 
36.0564 
33.8156 
35.8739 
34.5511 
32.8837 
34.6894 
33.0955 
33.9680 
34.8691 
33.2539 
34.6892 
34.0444 
35.8407 
33.0653 
33.4529 
33.3025 
33.4570 
34.8013 
34.7642 
34.1762 
35.4374 
32.5681 
35.2491 
33.2749 
34.0169 
32.6395 
32.7103 
34.4029 
33.4964 
32.5256 
35.5086 
34.7172 
33.7486 
33.6382 
32.9945 
34.0410 
34.0435 
34.1072 
32.8495 
35.3237 
33.5427 
32.7665 
32.7261 
34.9773 
35.1197 
33.0441 
34.2751 
34.1648 
34.7506 
31.9634 
33.2667 
32.7807 
34.2291 
33.8265 
34.7070 
34.2990 
33.2169 
32.1582 
34.8253 
31.7451 
34.1675 
34.2461 
34.1939 
32.6807 
34.7387 
31.6623 
31.8535 
31.5632 
32.3163 
31.4632 
33.3649 
33.9810 
33.5591 
32.0608 
31.9783 
34.1172 
33.4422 
32.4443 
34.1861 
31.8438 
31.2965 
33.6049 
31.7279 
33.1788 
31.6277 
33.9589 
33.2850 
33.1391 
31.3691 
33.1483 
33.6980 
32.1439 
31.9663 
33.1839 
31.8049 
33.4521 
30.6902 
32.6554 
32.9787 
31.5307 
32.2984 
33.5427 
31.5089 
31.1757 
30.6527 
32.0278 
32.5304 
31.1747 
33.0831 
31.3319 
33.1812 
31.5152 
32.6655 
33.4226 
30.4952 
32.0227 
31.9414 
30.3315 
30.6605 
31.9399 
31.8649 
31.7014 
32.1348 
33.2133 
32.0650 
31.7603 
31.2648 
30.0230 
31.6093 
31.5559 
32.2664 
32.1099 
32.2550 
32.0259 
30.5035 
31.5576 
30.2920 
30.8973 
30.4427 
31.9347 
31.7139 
31.0518 
32.0421 
32.0133 
31.3830 
31.6920 
29.7379 
30.4675 
31.8425 
31.0180 
31.1951 
31.7206 
29.9177 
30.9744 
29.6607 
31.3597 
29.7969 
31.8940 
29.7187 
32.2801 
31.7998 
30.7858 
30.7709 
31.5382 
31.3344 
30.2341 
29.5540 
31.2119 
31.6644 
30.8483 
32.2159 
30.8281 
32.1486 
31.2214 
32.2692 
29.9763 
31.3731 
31.4722 
30.3455 
29.3877 
31.2841 
29.9639 
29.5436 
30.5372 
30.6363 
29.6861 
31.9156 
29.5887 
31.3054 
29.3384 
31.7094 
29.5199 
29.1972 
29.7142 
31.6124 
30.0802 
30.9503 
31.2301 
30.6881 
29.2605 
31.2379 
30.1459 
29.5063 
31.7314 
29.6353 
31.4550 
29.5948 
28.8032 
28.9738 
30.0680 
30.5995 
31.5302 
31.5229 
31.4643 
30.3851 
30.2664 
29.0146 
30.5722 
28.7468 
28.6194 
30.8008 
28.9990 
30.8118 
28.5903 
31.2114 
30.8544 
30.0937 
30.0789 
30.7769 
30.6504 
30.7492 
30.4553 
28.1221 
28.5948 
29.1522 
29.9313 
29.6217 
28.5111 
28.8086 
28.2069 
28.5030 
27.8520 
28.9916 
27.5654 
27.7544 
27.7156 
30.0505 
29.1608 
27.4403 
27.5932 
29.5834 
29.6150 
29.0198 
28.8804 
29.4087 
27.6256 
29.2141 
26.4992 
26.4854 
28.0065 
27.0726 
28.3472 
28.6822 
26.0019 
27.3885 
25.8869 
27.0096 
26.5847 
25.6812 
28.1191 
25.8256 
26.8624 
26.0698 
25.8145 
25.1736 
25.6030 
25.9194 
26.0094 
25.5483 
26.6778 
25.9408 
26.6986 
26.8426 
26.0618 
25.0662 
26.9095 
25.1372 
26.3428 
26.2687 
26.8971 
26.0764 
26.4155 
25.8402 
27.4273 
25.3835 
25.5822 
26.6499 
27.5161 
27.0910 
25.7270 
27.0022 
27.2318 
27.5267 
27.5933 
26.7150 
27.9226 
27.4294 
26.8137 
28.8041 
26.5718 
27.2371 
27.6645 
27.5213 
28.8696 
27.2478 
28.8776 
27.9381 
27.5505 
28.2463 
28.2049 
29.1841 
28.5264 
27.4544 
28.1018 
29.3178 
28.7040 
29.1412 
28.7427 
30.7366 
29.1862 
29.2874 
30.7137 
29.9319 
30.0579 
30.4268 
28.4419 
30.8532 
28.6445 
29.2599 
30.4303 
29.2758 
31.1253 
29.6978 
28.9661 
28.9142 
29.6762 
28.7481 
31.7698 
29.3593 
31.5441 
29.7331 
31.4908 
31.8572 
30.5225 
30.1907 
32.1405 
30.0610 
31.9943 
32.1348 
31.4469 
31.7563 
30.8203 
31.9060 
32.4477 
30.7535 
31.7708 
32.5619 
31.4189 
30.9216 
30.4589 
32.2810 
32.3646 
30.1878 
32.5725 
31.1680 
32.1091 
31.8133 
31.1591 
30.4342 
32.6610 
31.3187 
30.2026 
31.5621 
31.7371 
30.8407 
32.6910 
30.7025 
31.8728 
30.6866 
30.6780 
31.6393 
31.1349 
32.4966 
30.3958 
32.7740 
30.2638 
32.2094 
29.7259 
31.8794 
32.3151 
30.9884 
31.4706 
30.4778 
30.9178 
31.3502 
31.0423 
31.7197 
29.8438 
30.4643 
30.3389 
29.5580 
29.2528 
29.3519 
29.8810 
31.5080 
28.9233 
30.4128 
29.6612 
30.3658 
30.2018 
28.5919 
29.5419 
30.7574 
30.1415 
30.2749 
30.2859 
29.7064 
30.1667 
30.5958 
29.6391 
28.0483 
28.4928 
27.5797 
29.2001 
27.9679 
28.9981 
27.3017 
29.8926 
27.5865 
29.2611 
28.6658 
29.2616 
27.2638 
28.6484 
27.0584 
26.8942 
27.1882 
29.1422 
28.8534 
28.2113 
26.3970 
27.0120 
28.2772 
26.9515 
27.7009 
28.4684 
26.5012 
27.7036 
25.8471 
28.1111 
26.8880 
27.5377 
27.7388 
26.0367 
25.5453 
26.1508 
26.3041 
27.6259 
26.8235 
26.3687 
25.4997 
27.0074 
27.6680 
26.5595 
25.2273 
26.6745 
26.2162 
26.7791 
25.6733 
26.3947 
25.5520 
25.4398 
25.4818 
26.1380 
25.1469 
27.5718 
27.0069 
26.7662 
27.4709 
25.4239 
26.3588 
26.7428 
25.4678 
26.6019 
27.2420 
27.2686 
25.4866 
25.6870 
26.3889 
25.8698 
27.3999 
26.6095 
27.8621 
27.1458 
27.1265 
28.1527 
29.1019 
28.8408 
28.8217 
29.2249 
28.7102 
29.4068 
28.9045 
27.8183 
28.1676 
30.0226 
30.6649 
28.8788 
28.3324 
28.8264 
30.1662 
31.1181 
29.9246 
29.1555 
31.0232 
29.4974 
31.7988 
30.3337 
30.8519 
31.4927 
32.8428 
31.1124 
32.8982 
33.3255 
