   -2.1000    0.1205
   -2.0950    0.1193
   -2.0900    0.1202
   -2.0850    0.1211
   -2.0800    0.1212
   -2.0750    0.1209
   -2.0700    0.1186
   -2.0650    0.1187
   -2.0600    0.1206
   -2.0550    0.1209
   -2.0500    0.1188
   -2.0450    0.1186
   -2.0400    0.1188
   -2.0350    0.1105
   -2.0300    0.1094
   -2.0250    0.1098
   -2.0200    0.1089
   -2.0150    0.1079
   -2.0100    0.1069
   -2.0050    0.1065
   -2.0000    0.1066
   -1.9950    0.1071
   -1.9900    0.1078
   -1.9850    0.1081
   -1.9800    0.1083
   -1.9750    0.1086
   -1.9700    0.1090
   -1.9650    0.1103
   -1.9600    0.1108
   -1.9550    0.1094
   -1.9500    0.1077
   -1.9450    0.1061
   -1.9400    0.1075
   -1.9350    0.1093
   -1.9300    0.1124
   -1.9250    0.1153
   -1.9200    0.1164
   -1.9150    0.1175
   -1.9100    0.1186
   -1.9050    0.1189
   -1.9000    0.1184
   -1.8950    0.1198
   -1.8900    0.1215
   -1.8850    0.1228
   -1.8800    0.1242
   -1.8750    0.1260
   -1.8700    0.1268
   -1.8650    0.1265
   -1.8600    0.1297
   -1.8550    0.1335
   -1.8500    0.1341
   -1.8450    0.1350
   -1.8400    0.1371
   -1.8350    0.1380
   -1.8300    0.1379
   -1.8250    0.1394
   -1.8200    0.1404
   -1.8150    0.1391
   -1.8100    0.1407
   -1.8050    0.1435
   -1.8000    0.1431
   -1.7950    0.1425
   -1.7900    0.1421
   -1.7850    0.1439
   -1.7800    0.1463
   -1.7750    0.1483
   -1.7700    0.1481
   -1.7650    0.1459
   -1.7600    0.1495
   -1.7550    0.1511
   -1.7500    0.1484
   -1.7450    0.1476
   -1.7400    0.1477
   -1.7350    0.1487
   -1.7300    0.1485
   -1.7250    0.1471
   -1.7200    0.1394
   -1.7150    0.1347
   -1.7100    0.1322
   -1.7050    0.1267
   -1.7000    0.1234
   -1.6950    0.1234
   -1.6900    0.1231
   -1.6850    0.1224
   -1.6800    0.1206
   -1.6750    0.1187
   -1.6700    0.1165
   -1.6650    0.1148
   -1.6600    0.1143
   -1.6550    0.1170
   -1.6500    0.1165
   -1.6450    0.1145
   -1.6400    0.1114
   -1.6350    0.1090
   -1.6300    0.1082
   -1.6250    0.1071
   -1.6200    0.1057
   -1.6150    0.1090
   -1.6100    0.1099
   -1.6050    0.1066
   -1.6000    0.1046
   -1.5950    0.1034
   -1.5900    0.1032
   -1.5850    0.1032
   -1.5800    0.1033
   -1.5750    0.1022
   -1.5700    0.1001
   -1.5650    0.0993
   -1.5600    0.0988
   -1.5550    0.0979
   -1.5500    0.0975
   -1.5450    0.0983
   -1.5400    0.0983
   -1.5350    0.0980
   -1.5300    0.0977
   -1.5250    0.0976
   -1.5200    0.0979
   -1.5150    0.0975
   -1.5100    0.0963
   -1.5050    0.0958
   -1.5000    0.0957
   -1.4950    0.0961
   -1.4900    0.0962
   -1.4850    0.0951
   -1.4800    0.0939
   -1.4750    0.0924
   -1.4700    0.0923
   -1.4650    0.0934
   -1.4600    0.0918
   -1.4550    0.0896
   -1.4500    0.0913
   -1.4450    0.0927
   -1.4400    0.0910
   -1.4350    0.0898
   -1.4300    0.0901
   -1.4250    0.0903
   -1.4200    0.0906
   -1.4150    0.0913
   -1.4100    0.0922
   -1.4050    0.0911
   -1.4000    0.0901
   -1.3950    0.0900
   -1.3900    0.0900
   -1.3850    0.0904
   -1.3800    0.0909
   -1.3750    0.0914
   -1.3700    0.0909
   -1.3650    0.0896
   -1.3600    0.0899
   -1.3550    0.0916
   -1.3500    0.0916
   -1.3450    0.0913
   -1.3400    0.0910
   -1.3350    0.0907
   -1.3300    0.0913
   -1.3250    0.0919
   -1.3200    0.0909
   -1.3150    0.0899
   -1.3100    0.0913
   -1.3050    0.0926
   -1.3000    0.0940
   -1.2950    0.0942
   -1.2900    0.0934
   -1.2850    0.0929
   -1.2800    0.0929
   -1.2750    0.0927
   -1.2700    0.0923
   -1.2650    0.0924
   -1.2600    0.0935
   -1.2550    0.0937
   -1.2500    0.0930
   -1.2450    0.0933
   -1.2400    0.0956
   -1.2350    0.0957
   -1.2300    0.0944
   -1.2250    0.0936
   -1.2200    0.0939
   -1.2150    0.0941
   -1.2100    0.0940
   -1.2050    0.0940
   -1.2000    0.0944
   -1.1950    0.0947
   -1.1900    0.0948
   -1.1850    0.0948
   -1.1800    0.0957
   -1.1750    0.0967
   -1.1700    0.0981
   -1.1650    0.0994
   -1.1600    0.0996
   -1.1550    0.0998
   -1.1500    0.0997
   -1.1450    0.0995
   -1.1400    0.0985
   -1.1350    0.0972
   -1.1300    0.0960
   -1.1250    0.0956
   -1.1200    0.0952
   -1.1150    0.0956
   -1.1100    0.0964
   -1.1050    0.0968
   -1.1000    0.0969
   -1.0950    0.0970
   -1.0900    0.0975
   -1.0850    0.0979
   -1.0800    0.0977
   -1.0750    0.0976
   -1.0700    0.0982
   -1.0650    0.0993
   -1.0600    0.0995
   -1.0550    0.0991
   -1.0500    0.0987
   -1.0450    0.0991
   -1.0400    0.0994
   -1.0350    0.0990
   -1.0300    0.0982
   -1.0250    0.0974
   -1.0200    0.0971
   -1.0150    0.0970
   -1.0100    0.0970
   -1.0050    0.0979
   -1.0000    0.0996
   -0.9950    0.0999
   -0.9900    0.1003
   -0.9850    0.1007
   -0.9800    0.1006
   -0.9750    0.1004
   -0.9700    0.1004
   -0.9650    0.1003
   -0.9600    0.1004
   -0.9550    0.1010
   -0.9500    0.1016
   -0.9450    0.1020
   -0.9400    0.1020
   -0.9350    0.1021
   -0.9300    0.1022
   -0.9250    0.1023
   -0.9200    0.1020
   -0.9150    0.1014
   -0.9100    0.1009
   -0.9050    0.1005
   -0.9000    0.1002
   -0.8950    0.1005
   -0.8900    0.1008
   -0.8850    0.0997
   -0.8800    0.0984
   -0.8750    0.0980
   -0.8700    0.0977
   -0.8650    0.0986
   -0.8600    0.0999
   -0.8550    0.1010
   -0.8500    0.0994
   -0.8450    0.0981
   -0.8400    0.0975
   -0.8350    0.0971
   -0.8300    0.0983
   -0.8250    0.0996
   -0.8200    0.1000
   -0.8150    0.0999
   -0.8100    0.1001
   -0.8050    0.1004
   -0.8000    0.1007
   -0.7950    0.1008
   -0.7900    0.1007
   -0.7850    0.0999
   -0.7800    0.0996
   -0.7750    0.1011
   -0.7700    0.1026
   -0.7650    0.1028
   -0.7600    0.1026
   -0.7550    0.1024
   -0.7500    0.1022
   -0.7450    0.1013
   -0.7400    0.1003
   -0.7350    0.0987
   -0.7300    0.0968
   -0.7250    0.0940
   -0.7200    0.0916
   -0.7150    0.0894
   -0.7100    0.0889
   -0.7050    0.0884
   -0.7000    0.0857
   -0.6950    0.0812
   -0.6900    0.0744
   -0.6850    0.0686
   -0.6800    0.0447
   -0.6750    0.0117
   -0.6700    0.0099
   -0.6650    0.0073
   -0.6600    0.0029
   -0.6550    0.0008
   -0.6500   -0.0008
   -0.6450   -0.0036
   -0.6400   -0.0062
   -0.6350   -0.0083
   -0.6300   -0.0099
   -0.6250   -0.0109
   -0.6200   -0.0112
   -0.6150   -0.0112
   -0.6100   -0.0136
   -0.6050   -0.0182
   -0.6000   -0.0187
   -0.5950   -0.0190
   -0.5900   -0.0170
   -0.5850   -0.0148
   -0.5800   -0.0137
   -0.5750   -0.0130
   -0.5700   -0.0155
   -0.5650   -0.0197
   -0.5600   -0.0170
   -0.5550   -0.0142
   -0.5500   -0.0095
   -0.5450   -0.0039
   -0.5400    0.0013
   -0.5350    0.0002
   -0.5300   -0.0027
   -0.5250   -0.0116
   -0.5200   -0.0125
   -0.5150   -0.0121
   -0.5100   -0.0097
   -0.5050   -0.0070
   -0.5000   -0.0069
   -0.4950   -0.0078
   -0.4900   -0.0106
   -0.4850   -0.0130
   -0.4800   -0.0110
   -0.4750   -0.0093
   -0.4700   -0.0106
   -0.4650   -0.0117
   -0.4600   -0.0125
   -0.4550   -0.0124
   -0.4500   -0.0112
   -0.4450   -0.0098
   -0.4400   -0.0085
   -0.4350   -0.0083
   -0.4300   -0.0095
   -0.4250   -0.0093
   -0.4200   -0.0083
   -0.4150   -0.0074
   -0.4100   -0.0063
   -0.4050   -0.0057
   -0.4000   -0.0051
   -0.3950   -0.0061
   -0.3900   -0.0070
   -0.3850   -0.0080
   -0.3800   -0.0084
   -0.3750   -0.0078
   -0.3700   -0.0071
   -0.3650   -0.0064
   -0.3600   -0.0056
   -0.3550   -0.0048
   -0.3500   -0.0044
   -0.3450   -0.0041
   -0.3400   -0.0078
   -0.3350   -0.0121
   -0.3300   -0.0107
   -0.3250   -0.0088
   -0.3200   -0.0043
   -0.3150   -0.0009
   -0.3100   -0.0004
   -0.3050   -0.0004
   -0.3000   -0.0010
   -0.2950   -0.0015
   -0.2900   -0.0020
   -0.2850   -0.0028
   -0.2800   -0.0038
   -0.2750   -0.0052
   -0.2700   -0.0067
   -0.2650   -0.0070
   -0.2600   -0.0077
   -0.2550   -0.0096
   -0.2500   -0.0114
   -0.2450   -0.0132
   -0.2400   -0.0132
   -0.2350   -0.0108
   -0.2300   -0.0080
   -0.2250   -0.0050
   -0.2200   -0.0042
   -0.2150   -0.0038
   -0.2100   -0.0099
   -0.2050   -0.0160
   -0.2000   -0.0171
   -0.1950   -0.0176
   -0.1900   -0.0144
   -0.1850   -0.0124
   -0.1800   -0.0144
   -0.1750   -0.0164
   -0.1700   -0.0187
   -0.1650   -0.0196
   -0.1600   -0.0168
   -0.1550   -0.0156
   -0.1500   -0.0160
   -0.1450   -0.0148
   -0.1400   -0.0124
   -0.1350   -0.0118
   -0.1300   -0.0116
   -0.1250   -0.0118
   -0.1200   -0.0120
   -0.1150   -0.0132
   -0.1100   -0.0143
   -0.1050   -0.0134
   -0.1000   -0.0124
   -0.0950   -0.0109
   -0.0900   -0.0097
   -0.0850   -0.0087
   -0.0800   -0.0085
   -0.0750   -0.0090
   -0.0700   -0.0113
   -0.0650   -0.0153
   -0.0600   -0.0183
   -0.0550   -0.0167
   -0.0500   -0.0144
   -0.0450   -0.0110
   -0.0400   -0.0100
   -0.0350   -0.0103
   -0.0300   -0.0111
   -0.0250   -0.0123
   -0.0200   -0.0138
   -0.0150   -0.0157
   -0.0100   -0.0170
   -0.0050   -0.0172
         0   -0.0176
    0.0050   -0.0186
    0.0100   -0.0190
    0.0150   -0.0171
    0.0200   -0.0158
    0.0250   -0.0158
    0.0300   -0.0163
    0.0350   -0.0175
    0.0400   -0.0188
    0.0450   -0.0200
    0.0500   -0.0211
    0.0550   -0.0182
    0.0600   -0.0155
    0.0650   -0.0153
    0.0700   -0.0147
    0.0750   -0.0112
    0.0800   -0.0112
    0.0850   -0.0148
    0.0900   -0.0184
    0.0950   -0.0199
    0.1000   -0.0200
    