   0.0000000e+00  -1.0391806e+00
   1.0010010e-02  -7.4968039e-01
   2.0020020e-02  -8.7036353e-01
   3.0030030e-02  -6.3419846e-01
   4.0040040e-02  -6.5788894e-01
   5.0050050e-02  -4.7412727e-01
   6.0060060e-02  -4.0058822e-01
   7.0070070e-02  -3.2717211e-01
   8.0080080e-02  -2.5970194e-01
   9.0090090e-02  -1.8762490e-01
   1.0010010e-01  -1.0154349e-01
   1.1011011e-01  -1.6963381e-02
   1.2012012e-01   5.5688259e-02
   1.3013013e-01   1.2631587e-01
   1.4014014e-01   2.2009035e-01
   1.5015015e-01   3.2891891e-01
   1.6016016e-01   3.5463458e-01
   1.7017017e-01   4.7535080e-01
   1.8018018e-01   5.2898526e-01
   1.9019019e-01   5.7093521e-01
   2.0020020e-01   6.6409178e-01
   2.1021021e-01   6.7569629e-01
   2.2022022e-01   8.6091734e-01
   2.3023023e-01   9.6113775e-01
   2.4024024e-01   1.0985379e+00
   2.5025025e-01   9.8785934e-01
   2.6026026e-01   9.8156274e-01
   2.7027027e-01   1.2713600e+00
   2.8028028e-01   1.4266553e+00
   2.9029029e-01   1.3227633e+00
   3.0030030e-01   1.6228791e+00
   3.1031031e-01   1.4024705e+00
   3.2032032e-01   1.4778236e+00
   3.3033033e-01   1.7412099e+00
   3.4034034e-01   1.7134339e+00
   3.5035035e-01   1.9612828e+00
   3.6036036e-01   2.1071114e+00
   3.7037037e-01   1.6684833e+00
   3.8038038e-01   1.8188954e+00
   3.9039039e-01   1.9190347e+00
   4.0040040e-01   2.0850241e+00
   4.1041041e-01   2.1988026e+00
   4.2042042e-01   2.3974502e+00
   4.3043043e-01   2.2418087e+00
   4.4044044e-01   2.1981952e+00
   4.5045045e-01   2.3734331e+00
   4.6046046e-01   2.8685933e+00
   4.7047047e-01   2.6867727e+00
   4.8048048e-01   2.5764591e+00
   4.9049049e-01   3.0935954e+00
   5.0050050e-01   3.1968948e+00
   5.1051051e-01   3.2599054e+00
   5.2052052e-01   2.7123496e+00
   5.3053053e-01   2.8741345e+00
   5.4054054e-01   3.0719365e+00
   5.5055055e-01   2.9107464e+00
   5.6056056e-01   2.9752315e+00
   5.7057057e-01   3.2957460e+00
   5.8058058e-01   2.9771638e+00
   5.9059059e-01   3.6741440e+00
   6.0060060e-01   3.1540585e+00
   6.1061061e-01   3.2005726e+00
   6.2062062e-01   3.2931576e+00
   6.3063063e-01   3.9419454e+00
   6.4064064e-01   3.9819684e+00
   6.5065065e-01   3.9839743e+00
   6.6066066e-01   4.1975924e+00
   6.7067067e-01   4.3068597e+00
   6.8068068e-01   4.3192886e+00
   6.9069069e-01   3.7655109e+00
   7.0070070e-01   3.9745502e+00
   7.1071071e-01   3.8240786e+00
   7.2072072e-01   3.7067167e+00
   7.3073073e-01   3.6367710e+00
   7.4074074e-01   3.8944230e+00
   7.5075075e-01   4.4378307e+00
   7.6076076e-01   4.1610377e+00
   7.7077077e-01   4.8092667e+00
   7.8078078e-01   4.9412125e+00
   7.9079079e-01   4.8967417e+00
   8.0080080e-01   4.7950103e+00
   8.1081081e-01   5.0696839e+00
   8.2082082e-01   4.6873939e+00
   8.3083083e-01   5.0596953e+00
   8.4084084e-01   4.8468679e+00
   8.5085085e-01   5.4251293e+00
   8.6086086e-01   5.2245645e+00
   8.7087087e-01   5.2822358e+00
   8.8088088e-01   4.6123304e+00
   8.9089089e-01   4.8863116e+00
   9.0090090e-01   5.6342942e+00
   9.1091091e-01   4.8074530e+00
   9.2092092e-01   5.0319833e+00
   9.3093093e-01   5.1320598e+00
   9.4094094e-01   5.5778504e+00
   9.5095095e-01   4.4915252e+00
   9.6096096e-01   4.6189151e+00
   9.7097097e-01   5.6641821e+00
   9.8098098e-01   5.1309596e+00
   9.9099099e-01   6.2351302e+00
   1.0010010e+00   4.7707234e+00
   1.0110110e+00   6.0296579e+00
   1.0210210e+00   5.7964735e+00
   1.0310310e+00   6.3689464e+00
   1.0410410e+00   5.2193452e+00
   1.0510511e+00   5.1509999e+00
   1.0610611e+00   5.3705639e+00
   1.0710711e+00   6.3335800e+00
   1.0810811e+00   5.3886442e+00
   1.0910911e+00   6.0042401e+00
   1.1011011e+00   6.4086466e+00
   1.1111111e+00   6.1252176e+00
   1.1211211e+00   6.8685989e+00
   1.1311311e+00   5.8348602e+00
   1.1411411e+00   5.6768236e+00
   1.1511512e+00   5.7299774e+00
   1.1611612e+00   6.2548869e+00
   1.1711712e+00   5.4510295e+00
   1.1811812e+00   5.7614446e+00
   1.1911912e+00   5.9291133e+00
   1.2012012e+00   5.9284537e+00
   1.2112112e+00   5.8440627e+00
   1.2212212e+00   5.6492827e+00
   1.2312312e+00   5.5038759e+00
   1.2412412e+00   6.6623769e+00
   1.2512513e+00   6.9317548e+00
   1.2612613e+00   5.7497223e+00
   1.2712713e+00   6.8595282e+00
   1.2812813e+00   5.7197964e+00
   1.2912913e+00   7.2885275e+00
   1.3013013e+00   5.9610476e+00
   1.3113113e+00   7.1913828e+00
   1.3213213e+00   6.2063778e+00
   1.3313313e+00   6.4095606e+00
   1.3413413e+00   7.5254886e+00
   1.3513514e+00   7.3271406e+00
   1.3613614e+00   5.9324825e+00
   1.3713714e+00   7.5141103e+00
   1.3813814e+00   7.0713512e+00
   1.3913914e+00   6.5287952e+00
   1.4014014e+00   6.1589948e+00
   1.4114114e+00   7.4274256e+00
   1.4214214e+00   6.5936093e+00
   1.4314314e+00   6.7236598e+00
   1.4414414e+00   6.5052527e+00
   1.4514515e+00   7.5222378e+00
   1.4614615e+00   7.5713905e+00
   1.4714715e+00   7.3519161e+00
   1.4814815e+00   8.1346083e+00
   1.4914915e+00   6.4694351e+00
   1.5015015e+00   7.7641480e+00
   1.5115115e+00   6.3994977e+00
   1.5215215e+00   7.9669880e+00
   1.5315315e+00   7.5409650e+00
   1.5415415e+00   7.6506645e+00
   1.5515516e+00   6.4871511e+00
   1.5615616e+00   8.1660918e+00
   1.5715716e+00   7.1210550e+00
   1.5815816e+00   7.5683927e+00
   1.5915916e+00   8.0689621e+00
   1.6016016e+00   7.3803833e+00
   1.6116116e+00   6.7180811e+00
   1.6216216e+00   7.0211568e+00
   1.6316316e+00   6.7717386e+00
   1.6416416e+00   8.2771413e+00
   1.6516517e+00   7.7165627e+00
   1.6616617e+00   7.2428804e+00
   1.6716717e+00   6.6604647e+00
   1.6816817e+00   6.6276857e+00
   1.6916917e+00   7.5654646e+00
   1.7017017e+00   6.7321573e+00
   1.7117117e+00   8.3595237e+00
   1.7217217e+00   7.1587907e+00
   1.7317317e+00   7.0258640e+00
   1.7417417e+00   7.8781917e+00
   1.7517518e+00   8.7084823e+00
   1.7617618e+00   8.4230840e+00
   1.7717718e+00   8.8107305e+00
   1.7817818e+00   7.1318521e+00
   1.7917918e+00   6.9504942e+00
   1.8018018e+00   8.2066817e+00
   1.8118118e+00   9.0031072e+00
   1.8218218e+00   8.3990564e+00
   1.8318318e+00   8.8709743e+00
   1.8418418e+00   6.9731704e+00
   1.8518519e+00   8.8007250e+00
   1.8618619e+00   6.8606434e+00
   1.8718719e+00   8.5545054e+00
   1.8818819e+00   7.4975432e+00
   1.8918919e+00   9.1245531e+00
   1.9019019e+00   8.3581488e+00
   1.9119119e+00   8.0142667e+00
   1.9219219e+00   8.4303276e+00
   1.9319319e+00   9.0652728e+00
   1.9419419e+00   7.7217740e+00
   1.9519520e+00   6.9528940e+00
   1.9619620e+00   6.9333386e+00
   1.9719720e+00   8.0061199e+00
   1.9819820e+00   8.6705066e+00
   1.9919920e+00   7.5079146e+00
   2.0020020e+00   9.1849669e+00
   2.0120120e+00   7.0108307e+00
   2.0220220e+00   7.4552457e+00
   2.0320320e+00   8.7485027e+00
   2.0420420e+00   8.8923518e+00
   2.0520521e+00   7.5149999e+00
   2.0620621e+00   9.3313985e+00
   2.0720721e+00   8.0159251e+00
   2.0820821e+00   7.4189912e+00
   2.0920921e+00   8.7929948e+00
   2.1021021e+00   8.5496967e+00
   2.1121121e+00   7.5902118e+00
   2.1221221e+00   7.9363448e+00
   2.1321321e+00   9.3073346e+00
   2.1421421e+00   8.6946348e+00
   2.1521522e+00   9.5566899e+00
   2.1621622e+00   8.5878585e+00
   2.1721722e+00   8.9711316e+00
   2.1821822e+00   9.4418148e+00
   2.1921922e+00   9.6251892e+00
   2.2022022e+00   8.3806017e+00
   2.2122122e+00   8.2049137e+00
   2.2222222e+00   9.1256958e+00
   2.2322322e+00   9.2877031e+00
   2.2422422e+00   9.6533044e+00
   2.2522523e+00   7.8678029e+00
   2.2622623e+00   7.4492695e+00
   2.2722723e+00   9.1158197e+00
   2.2822823e+00   9.0064358e+00
   2.2922923e+00   8.3748415e+00
   2.3023023e+00   7.4107945e+00
   2.3123123e+00   8.1672610e+00
   2.3223223e+00   7.2407174e+00
   2.3323323e+00   8.1882692e+00
   2.3423423e+00   8.6017073e+00
   2.3523524e+00   8.2749239e+00
   2.3623624e+00   8.1956318e+00
   2.3723724e+00   8.7915391e+00
   2.3823824e+00   8.5156755e+00
   2.3923924e+00   9.1719006e+00
   2.4024024e+00   8.8995894e+00
   2.4124124e+00   7.2272934e+00
   2.4224224e+00   8.1541134e+00
   2.4324324e+00   9.7287051e+00
   2.4424424e+00   9.5134886e+00
   2.4524525e+00   8.7390212e+00
   2.4624625e+00   8.0920379e+00
   2.4724725e+00   8.5120955e+00
   2.4824825e+00   8.0848066e+00
   2.4924925e+00   9.5607193e+00
   2.5025025e+00   9.4455079e+00
   2.5125125e+00   8.5755633e+00
   2.5225225e+00   9.4847809e+00
   2.5325325e+00   9.6819719e+00
   2.5425425e+00   7.7919542e+00
   2.5525526e+00   7.6743923e+00
   2.5625626e+00   8.0064121e+00
   2.5725726e+00   7.2331119e+00
   2.5825826e+00   9.1929227e+00
   2.5925926e+00   8.0861197e+00
   2.6026026e+00   8.6830883e+00
   2.6126126e+00   9.0847385e+00
   2.6226226e+00   7.5946909e+00
   2.6326326e+00   7.8385195e+00
   2.6426426e+00   9.3573570e+00
   2.6526527e+00   7.6132202e+00
   2.6626627e+00   9.3119987e+00
   2.6726727e+00   9.0681658e+00
   2.6826827e+00   8.2816411e+00
   2.6926927e+00   8.2879621e+00
   2.7027027e+00   9.4401044e+00
   2.7127127e+00   8.7059887e+00
   2.7227227e+00   8.5215328e+00
   2.7327327e+00   7.2778202e+00
   2.7427427e+00   8.5980546e+00
   2.7527528e+00   9.0871710e+00
   2.7627628e+00   8.3545966e+00
   2.7727728e+00   9.4067276e+00
   2.7827828e+00   8.7268332e+00
   2.7927928e+00   8.3427566e+00
   2.8028028e+00   7.2132184e+00
   2.8128128e+00   7.8048961e+00
   2.8228228e+00   8.3445551e+00
   2.8328328e+00   7.8864865e+00
   2.8428428e+00   8.1560376e+00
   2.8528529e+00   9.3578562e+00
   2.8628629e+00   8.7933962e+00
   2.8728729e+00   8.6071764e+00
   2.8828829e+00   9.0907165e+00
   2.8928929e+00   9.3167977e+00
   2.9029029e+00   7.9027157e+00
   2.9129129e+00   9.4805190e+00
   2.9229229e+00   7.3273404e+00
   2.9329329e+00   8.3230474e+00
   2.9429429e+00   9.1232694e+00
   2.9529530e+00   9.4951835e+00
   2.9629630e+00   7.0426954e+00
   2.9729730e+00   9.4142636e+00
   2.9829830e+00   9.3732434e+00
   2.9929930e+00   8.9992531e+00
   3.0030030e+00   8.0027081e+00
   3.0130130e+00   9.1969955e+00
   3.0230230e+00   8.0742332e+00
   3.0330330e+00   8.7978384e+00
   3.0430430e+00   8.9807390e+00
   3.0530531e+00   9.1079671e+00
   3.0630631e+00   7.8251145e+00
   3.0730731e+00   7.6565202e+00
   3.0830831e+00   8.9154608e+00
   3.0930931e+00   7.2729926e+00
   3.1031031e+00   9.2977360e+00
   3.1131131e+00   7.1874943e+00
   3.1231231e+00   8.6143031e+00
   3.1331331e+00   7.0797438e+00
   3.1431431e+00   7.7173154e+00
   3.1531532e+00   7.7815562e+00
   3.1631632e+00   7.7561859e+00
   3.1731732e+00   9.2065075e+00
   3.1831832e+00   6.8720071e+00
   3.1931932e+00   8.5715652e+00
   3.2032032e+00   7.5229979e+00
   3.2132132e+00   7.3054189e+00
   3.2232232e+00   8.1793504e+00
   3.2332332e+00   8.2733299e+00
   3.2432432e+00   8.5993687e+00
   3.2532533e+00   6.8654834e+00
   3.2632633e+00   8.8506183e+00
   3.2732733e+00   7.1753412e+00
   3.2832833e+00   8.7874458e+00
   3.2932933e+00   7.4502990e+00
   3.3033033e+00   7.2121680e+00
   3.3133133e+00   7.7205850e+00
   3.3233233e+00   6.9419339e+00
   3.3333333e+00   8.1627533e+00
   3.3433433e+00   6.6482652e+00
   3.3533534e+00   7.9050297e+00
   3.3633634e+00   8.6513374e+00
   3.3733734e+00   8.4622862e+00
   3.3833834e+00   6.7212939e+00
   3.3933934e+00   7.2076814e+00
   3.4034034e+00   8.4928073e+00
   3.4134134e+00   7.3537479e+00
   3.4234234e+00   6.5621121e+00
   3.4334334e+00   7.7432996e+00
   3.4434434e+00   7.1582309e+00
   3.4534535e+00   8.6347781e+00
   3.4634635e+00   7.2601010e+00
   3.4734735e+00   8.4709639e+00
   3.4834835e+00   6.9756542e+00
   3.4934935e+00   8.5579336e+00
   3.5035035e+00   7.7423187e+00
   3.5135135e+00   7.0480082e+00
   3.5235235e+00   7.7260311e+00
   3.5335335e+00   7.8774830e+00
   3.5435435e+00   8.1854889e+00
   3.5535536e+00   6.3937661e+00
   3.5635636e+00   6.5065727e+00
   3.5735736e+00   7.8305003e+00
   3.5835836e+00   7.4094144e+00
   3.5935936e+00   8.4374278e+00
   3.6036036e+00   8.4048553e+00
   3.6136136e+00   7.7924692e+00
   3.6236236e+00   6.4383438e+00
   3.6336336e+00   6.2283212e+00
   3.6436436e+00   6.5796999e+00
   3.6536537e+00   7.4652470e+00
   3.6636637e+00   6.8335970e+00
   3.6736737e+00   6.2894013e+00
   3.6836837e+00   8.1126082e+00
   3.6936937e+00   6.1683251e+00
   3.7037037e+00   7.8346150e+00
   3.7137137e+00   7.8451583e+00
   3.7237237e+00   7.3974140e+00
   3.7337337e+00   7.9418235e+00
   3.7437437e+00   7.2887531e+00
   3.7537538e+00   6.0458899e+00
   3.7637638e+00   7.5801907e+00
   3.7737738e+00   7.6689116e+00
   3.7837838e+00   6.3995217e+00
   3.7937938e+00   7.1226866e+00
   3.8038038e+00   7.7127369e+00
   3.8138138e+00   7.5430214e+00
   3.8238238e+00   5.9757449e+00
   3.8338338e+00   6.1121452e+00
   3.8438438e+00   7.2240639e+00
   3.8538539e+00   6.6578034e+00
   3.8638639e+00   6.8628742e+00
   3.8738739e+00   6.9104906e+00
   3.8838839e+00   7.0235579e+00
   3.8938939e+00   5.9030812e+00
   3.9039039e+00   6.3664671e+00
   3.9139139e+00   6.5104531e+00
   3.9239239e+00   6.1863841e+00
   3.9339339e+00   5.8006721e+00
   3.9439439e+00   5.8146557e+00
   3.9539540e+00   7.4269017e+00
   3.9639640e+00   7.1230665e+00
   3.9739740e+00   6.7088731e+00
   3.9839840e+00   6.3360752e+00
   3.9939940e+00   6.8216767e+00
   4.0040040e+00   6.1948124e+00
   4.0140140e+00   5.7077462e+00
   4.0240240e+00   6.7836646e+00
   4.0340340e+00   7.2275070e+00
   4.0440440e+00   6.2655880e+00
   4.0540541e+00   5.8111536e+00
   4.0640641e+00   7.3004832e+00
   4.0740741e+00   6.3825587e+00
   4.0840841e+00   5.9744265e+00
   4.0940941e+00   7.0065522e+00
   4.1041041e+00   6.1692974e+00
   4.1141141e+00   6.4720822e+00
   4.1241241e+00   6.5107136e+00
   4.1341341e+00   7.0642980e+00
   4.1441441e+00   6.5369822e+00
   4.1541542e+00   6.6287108e+00
   4.1641642e+00   5.7421175e+00
   4.1741742e+00   6.5177330e+00
   4.1841842e+00   6.2885204e+00
   4.1941942e+00   6.4841688e+00
   4.2042042e+00   6.0245494e+00
   4.2142142e+00   6.4197352e+00
   4.2242242e+00   5.9702639e+00
   4.2342342e+00   5.7012646e+00
   4.2442442e+00   6.4336402e+00
   4.2542543e+00   5.7550746e+00
   4.2642643e+00   6.5550094e+00
   4.2742743e+00   6.6648739e+00
   4.2842843e+00   6.3697269e+00
   4.2942943e+00   5.0761016e+00
   4.3043043e+00   5.7654096e+00
   4.3143143e+00   5.6258252e+00
   4.3243243e+00   6.4963482e+00
   4.3343343e+00   5.9001406e+00
   4.3443443e+00   6.1306124e+00
   4.3543544e+00   5.6803975e+00
   4.3643644e+00   5.3497052e+00
   4.3743744e+00   6.1333949e+00
   4.3843844e+00   5.2008788e+00
   4.3943944e+00   5.2401491e+00
   4.4044044e+00   5.3528064e+00
   4.4144144e+00   4.9536670e+00
   4.4244244e+00   5.8767174e+00
   4.4344344e+00   5.6863062e+00
   4.4444444e+00   5.8716386e+00
   4.4544545e+00   5.1124700e+00
   4.4644645e+00   6.2476842e+00
   4.4744745e+00   5.8309848e+00
   4.4844845e+00   5.3478116e+00
   4.4944945e+00   4.6496852e+00
   4.5045045e+00   5.9250587e+00
   4.5145145e+00   5.1482513e+00
   4.5245245e+00   4.8065858e+00
   4.5345345e+00   5.5503447e+00
   4.5445445e+00   4.8815089e+00
   4.5545546e+00   5.2161057e+00
   4.5645646e+00   6.0033562e+00
   4.5745746e+00   5.3877320e+00
   4.5845846e+00   5.7970943e+00
   4.5945946e+00   5.2355114e+00
   4.6046046e+00   5.1048669e+00
   4.6146146e+00   4.6568669e+00
   4.6246246e+00   5.3048791e+00
   4.6346346e+00   4.4705015e+00
   4.6446446e+00   5.4516752e+00
   4.6546547e+00   4.4839584e+00
   4.6646647e+00   5.0322803e+00
   4.6746747e+00   4.8621902e+00
   4.6846847e+00   5.4835851e+00
   4.6946947e+00   5.0732818e+00
   4.7047047e+00   4.5181531e+00
   4.7147147e+00   4.7925077e+00
   4.7247247e+00   4.2679394e+00
   4.7347347e+00   5.3015755e+00
   4.7447447e+00   4.5882680e+00
   4.7547548e+00   5.1333331e+00
   4.7647648e+00   5.4156848e+00
   4.7747748e+00   5.0853018e+00
   4.7847848e+00   4.9464606e+00
   4.7947948e+00   4.4968088e+00
   4.8048048e+00   5.3369766e+00
   4.8148148e+00   4.2751050e+00
   4.8248248e+00   4.3182520e+00
   4.8348348e+00   4.4404699e+00
   4.8448448e+00   4.6440277e+00
   4.8548549e+00   5.1337997e+00
   4.8648649e+00   4.0277961e+00
   4.8748749e+00   5.2343942e+00
   4.8848849e+00   5.1266197e+00
   4.8948949e+00   4.2104984e+00
   4.9049049e+00   4.8949794e+00
   4.9149149e+00   4.8098218e+00
   4.9249249e+00   4.2029864e+00
   4.9349349e+00   4.2663008e+00
   4.9449449e+00   4.1070732e+00
   4.9549550e+00   4.0630810e+00
   4.9649650e+00   4.6786684e+00
   4.9749750e+00   4.2401687e+00
   4.9849850e+00   4.3262071e+00
   4.9949950e+00   4.0019114e+00
   5.0050050e+00   4.1199543e+00
   5.0150150e+00   3.7551977e+00
   5.0250250e+00   3.7246365e+00
   5.0350350e+00   4.4106001e+00
   5.0450450e+00   3.9396997e+00
   5.0550551e+00   4.0927845e+00
   5.0650651e+00   4.0681464e+00
   5.0750751e+00   4.3196328e+00
   5.0850851e+00   4.4376970e+00
   5.0950951e+00   3.7145881e+00
   5.1051051e+00   3.7120229e+00
   5.1151151e+00   3.4409955e+00
   5.1251251e+00   3.9493186e+00
   5.1351351e+00   3.7269690e+00
   5.1451451e+00   4.4582354e+00
   5.1551552e+00   4.2700065e+00
   5.1651652e+00   3.7379323e+00
   5.1751752e+00   3.4257399e+00
   5.1851852e+00   3.5527160e+00
   5.1951952e+00   4.1322825e+00
   5.2052052e+00   4.0825088e+00
   5.2152152e+00   3.8018727e+00
   5.2252252e+00   3.6742786e+00
   5.2352352e+00   3.9871081e+00
   5.2452452e+00   3.3999470e+00
   5.2552553e+00   3.3705176e+00
   5.2652653e+00   3.8763782e+00
   5.2752753e+00   4.1690703e+00
   5.2852853e+00   3.5636172e+00
   5.2952953e+00   3.9533981e+00
   5.3053053e+00   3.6133001e+00
   5.3153153e+00   3.7177271e+00
   5.3253253e+00   3.6099648e+00
   5.3353353e+00   3.4873016e+00
   5.3453453e+00   3.1791011e+00
   5.3553554e+00   3.7667475e+00
   5.3653654e+00   3.6040760e+00
   5.3753754e+00   3.7558537e+00
   5.3853854e+00   3.2744775e+00
   5.3953954e+00   3.1989854e+00
   5.4054054e+00   3.5678813e+00
   5.4154154e+00   3.3450826e+00
   5.4254254e+00   3.5627431e+00
   5.4354354e+00   2.9577625e+00
   5.4454454e+00   3.0781104e+00
   5.4554555e+00   2.8413790e+00
   5.4654655e+00   3.3607116e+00
   5.4754755e+00   2.9507324e+00
   5.4854855e+00   2.8642271e+00
   5.4954955e+00   2.9278490e+00
   5.5055055e+00   2.8778046e+00
   5.5155155e+00   3.3959049e+00
   5.5255255e+00   3.5651683e+00
   5.5355355e+00   2.8300614e+00
   5.5455455e+00   3.1185749e+00
   5.5555556e+00   2.6287813e+00
   5.5655656e+00   2.9919218e+00
   5.5755756e+00   3.1330547e+00
   5.5855856e+00   2.7568536e+00
   5.5955956e+00   3.3280901e+00
   5.6056056e+00   3.3200526e+00
   5.6156156e+00   2.8816251e+00
   5.6256256e+00   3.1996704e+00
   5.6356356e+00   2.7303588e+00
   5.6456456e+00   3.2896959e+00
   5.6556557e+00   2.5685047e+00
   5.6656657e+00   2.7135838e+00
   5.6756757e+00   2.6468345e+00
   5.6856857e+00   2.9293503e+00
   5.6956957e+00   3.0441638e+00
   5.7057057e+00   2.4806334e+00
   5.7157157e+00   3.1744946e+00
   5.7257257e+00   2.8562004e+00
   5.7357357e+00   2.8038067e+00
   5.7457457e+00   2.3910937e+00
   5.7557558e+00   2.5101982e+00
   5.7657658e+00   2.6797976e+00
   5.7757758e+00   2.6715383e+00
   5.7857858e+00   2.5602120e+00
   5.7957958e+00   2.9020614e+00
   5.8058058e+00   2.5080713e+00
   5.8158158e+00   2.6048125e+00
   5.8258258e+00   2.7188129e+00
   5.8358358e+00   2.4128673e+00
   5.8458458e+00   2.8280971e+00
   5.8558559e+00   2.5752654e+00
   5.8658659e+00   2.7177126e+00
   5.8758759e+00   2.5932300e+00
   5.8858859e+00   2.5763858e+00
   5.8958959e+00   2.1014363e+00
   5.9059059e+00   2.0928594e+00
   5.9159159e+00   2.5175132e+00
   5.9259259e+00   2.0993733e+00
   5.9359359e+00   2.2182936e+00
   5.9459459e+00   2.1104116e+00
   5.9559560e+00   2.0378162e+00
   5.9659660e+00   2.1613280e+00
   5.9759760e+00   2.2239506e+00
   5.9859860e+00   2.2059988e+00
   5.9959960e+00   2.4763568e+00
   6.0060060e+00   2.1600174e+00
   6.0160160e+00   2.6245796e+00
   6.0260260e+00   2.1947804e+00
   6.0360360e+00   2.4351290e+00
   6.0460460e+00   2.4882745e+00
   6.0560561e+00   2.2908905e+00
   6.0660661e+00   2.0848218e+00
   6.0760761e+00   2.1132145e+00
   6.0860861e+00   2.0875852e+00
   6.0960961e+00   1.8701234e+00
   6.1061061e+00   2.3627595e+00
   6.1161161e+00   1.9841127e+00
   6.1261261e+00   2.0408904e+00
   6.1361361e+00   1.8204958e+00
   6.1461461e+00   2.1386496e+00
   6.1561562e+00   1.8383011e+00
   6.1661662e+00   2.3737603e+00
   6.1761762e+00   2.1351426e+00
   6.1861862e+00   2.0885152e+00
   6.1961962e+00   1.9744295e+00
   6.2062062e+00   2.0281180e+00
   6.2162162e+00   2.1490907e+00
   6.2262262e+00   1.8024096e+00
   6.2362362e+00   2.0584428e+00
   6.2462462e+00   2.2690177e+00
   6.2562563e+00   2.1927980e+00
   6.2662663e+00   2.2310462e+00
   6.2762763e+00   1.8689550e+00
   6.2862863e+00   1.9472233e+00
   6.2962963e+00   1.7369573e+00
   6.3063063e+00   1.7671445e+00
   6.3163163e+00   1.9219617e+00
   6.3263263e+00   2.0901463e+00
   6.3363363e+00   1.8927202e+00
   6.3463463e+00   1.8325091e+00
   6.3563564e+00   1.7659312e+00
   6.3663664e+00   2.1407903e+00
   6.3763764e+00   1.6230264e+00
   6.3863864e+00   1.9596654e+00
   6.3963964e+00   2.1264817e+00
   6.4064064e+00   1.6631006e+00
   6.4164164e+00   2.1118503e+00
   6.4264264e+00   1.7516433e+00
   6.4364364e+00   1.8360378e+00
   6.4464464e+00   1.5949208e+00
   6.4564565e+00   1.9298409e+00
   6.4664665e+00   1.9191885e+00
   6.4764765e+00   1.8517400e+00
   6.4864865e+00   1.7295538e+00
   6.4964965e+00   1.5972064e+00
   6.5065065e+00   1.7770563e+00
   6.5165165e+00   1.6833037e+00
   6.5265265e+00   1.9765604e+00
   6.5365365e+00   1.7652440e+00
   6.5465465e+00   1.9226643e+00
   6.5565566e+00   1.5860514e+00
   6.5665666e+00   1.9859260e+00
   6.5765766e+00   1.8124590e+00
   6.5865866e+00   1.8241683e+00
   6.5965966e+00   1.9215110e+00
   6.6066066e+00   1.5442411e+00
   6.6166166e+00   1.7170947e+00
   6.6266266e+00   1.8955323e+00
   6.6366366e+00   1.5302595e+00
   6.6466466e+00   1.5486445e+00
   6.6566567e+00   1.5697086e+00
   6.6666667e+00   1.6877542e+00
   6.6766767e+00   1.8719588e+00
   6.6866867e+00   1.8648812e+00
   6.6966967e+00   1.6346273e+00
   6.7067067e+00   1.6573487e+00
   6.7167167e+00   1.5188796e+00
   6.7267267e+00   1.6361674e+00
   6.7367367e+00   1.7447053e+00
   6.7467467e+00   1.9155023e+00
   6.7567568e+00   1.7472027e+00
   6.7667668e+00   1.8625531e+00
   6.7767768e+00   1.4926372e+00
   6.7867868e+00   1.7464511e+00
   6.7967968e+00   1.5322207e+00
   6.8068068e+00   1.7195126e+00
   6.8168168e+00   1.7586875e+00
   6.8268268e+00   1.8729503e+00
   6.8368368e+00   1.4300315e+00
   6.8468468e+00   1.6307902e+00
   6.8568569e+00   1.5045807e+00
   6.8668669e+00   1.8980858e+00
   6.8768769e+00   1.8524853e+00
   6.8868869e+00   1.6565859e+00
   6.8968969e+00   1.8407018e+00
   6.9069069e+00   1.6152388e+00
   6.9169169e+00   1.6866948e+00
   6.9269269e+00   1.6947756e+00
   6.9369369e+00   1.8840238e+00
   6.9469469e+00   1.6777909e+00
   6.9569570e+00   1.8016745e+00
   6.9669670e+00   1.8253272e+00
   6.9769770e+00   1.4847802e+00
   6.9869870e+00   1.5473096e+00
   6.9969970e+00   1.8277094e+00
   7.0070070e+00   1.8941784e+00
   7.0170170e+00   1.7415959e+00
   7.0270270e+00   1.4961848e+00
   7.0370370e+00   1.8318426e+00
   7.0470470e+00   1.6908516e+00
   7.0570571e+00   1.5407415e+00
   7.0670671e+00   2.0064397e+00
   7.0770771e+00   1.7143870e+00
   7.0870871e+00   1.8831064e+00
   7.0970971e+00   1.8748236e+00
   7.1071071e+00   1.6191671e+00
   7.1171171e+00   1.9919974e+00
   7.1271271e+00   1.7596763e+00
   7.1371371e+00   1.9649043e+00
   7.1471471e+00   1.6474560e+00
   7.1571572e+00   1.7338881e+00
   7.1671672e+00   1.5981967e+00
   7.1771772e+00   1.9080955e+00
   7.1871872e+00   2.0179406e+00
   7.1971972e+00   1.9770250e+00
   7.2072072e+00   1.6613986e+00
   7.2172172e+00   1.8582310e+00
   7.2272272e+00   2.0736778e+00
   7.2372372e+00   1.7492668e+00
   7.2472472e+00   2.1333760e+00
   7.2572573e+00   1.6600052e+00
   7.2672673e+00   2.1275418e+00
   7.2772773e+00   1.8144310e+00
   7.2872873e+00   2.0010947e+00
   7.2972973e+00   2.0079029e+00
   7.3073073e+00   2.0313029e+00
   7.3173173e+00   2.2078040e+00
   7.3273273e+00   2.2268265e+00
   7.3373373e+00   2.0063830e+00
   7.3473473e+00   2.0202454e+00
   7.3573574e+00   2.1262791e+00
   7.3673674e+00   2.2042951e+00
   7.3773774e+00   1.7615362e+00
   7.3873874e+00   2.2192122e+00
   7.3973974e+00   2.3294309e+00
   7.4074074e+00   2.3382010e+00
   7.4174174e+00   2.0284561e+00
   7.4274274e+00   2.3737880e+00
   7.4374374e+00   2.3603371e+00
   7.4474474e+00   2.2305860e+00
   7.4574575e+00   2.3869172e+00
   7.4674675e+00   2.4190009e+00
   7.4774775e+00   1.9812920e+00
   7.4874875e+00   1.9853387e+00
   7.4974975e+00   2.1287096e+00
   7.5075075e+00   2.1648963e+00
   7.5175175e+00   2.4887459e+00
   7.5275275e+00   2.3047759e+00
   7.5375375e+00   2.2413285e+00
   7.5475475e+00   1.9981466e+00
   7.5575576e+00   2.3347378e+00
   7.5675676e+00   2.2963266e+00
   7.5775776e+00   2.3960767e+00
   7.5875876e+00   2.3689289e+00
   7.5975976e+00   2.1004663e+00
   7.6076076e+00   2.3892853e+00
   7.6176176e+00   2.1977669e+00
   7.6276276e+00   2.1593104e+00
   7.6376376e+00   2.4235682e+00
   7.6476476e+00   2.1966358e+00
   7.6576577e+00   2.4996083e+00
   7.6676677e+00   2.6895672e+00
   7.6776777e+00   2.4887956e+00
   7.6876877e+00   2.6992980e+00
   7.6976977e+00   2.3231653e+00
   7.7077077e+00   2.4617807e+00
   7.7177177e+00   2.6147524e+00
   7.7277277e+00   2.5219909e+00
   7.7377377e+00   2.4310917e+00
   7.7477477e+00   2.4411911e+00
   7.7577578e+00   3.0133230e+00
   7.7677678e+00   2.7179477e+00
   7.7777778e+00   3.0835899e+00
   7.7877878e+00   2.5745781e+00
   7.7977978e+00   3.2290032e+00
   7.8078078e+00   3.1630182e+00
   7.8178178e+00   2.5349462e+00
   7.8278278e+00   3.0539117e+00
   7.8378378e+00   2.6154617e+00
   7.8478478e+00   3.0372874e+00
   7.8578579e+00   3.1854437e+00
   7.8678679e+00   3.1229926e+00
   7.8778779e+00   3.0017922e+00
   7.8878879e+00   2.7974357e+00
   7.8978979e+00   3.1014106e+00
   7.9079079e+00   2.7530049e+00
   7.9179179e+00   3.4011680e+00
   7.9279279e+00   3.6723988e+00
   7.9379379e+00   3.1830239e+00
   7.9479479e+00   3.3528203e+00
   7.9579580e+00   3.2953837e+00
   7.9679680e+00   3.1402368e+00
   7.9779780e+00   2.9094179e+00
   7.9879880e+00   3.7933217e+00
   7.9979980e+00   3.4204918e+00
   8.0080080e+00   3.3429433e+00
   8.0180180e+00   3.2201486e+00
   8.0280280e+00   3.4009651e+00
   8.0380380e+00   3.3137123e+00
   8.0480480e+00   3.3932545e+00
   8.0580581e+00   4.1597575e+00
   8.0680681e+00   4.1168231e+00
   8.0780781e+00   3.9877905e+00
   8.0880881e+00   4.1295287e+00
   8.0980981e+00   3.5527837e+00
   8.1081081e+00   4.2740252e+00
   8.1181181e+00   3.9669210e+00
   8.1281281e+00   3.9380499e+00
   8.1381381e+00   4.0492062e+00
   8.1481481e+00   4.6035031e+00
   8.1581582e+00   3.4648270e+00
   8.1681682e+00   4.5452819e+00
   8.1781782e+00   4.3317393e+00
   8.1881882e+00   4.5693322e+00
   8.1981982e+00   4.5540794e+00
   8.2082082e+00   4.2890605e+00
   8.2182182e+00   4.1497847e+00
   8.2282282e+00   4.6787290e+00
   8.2382382e+00   3.9613498e+00
   8.2482482e+00   4.7500576e+00
   8.2582583e+00   4.0508577e+00
   8.2682683e+00   4.7199638e+00
   8.2782783e+00   5.1924342e+00
   8.2882883e+00   4.4801295e+00
   8.2982983e+00   5.2543189e+00
   8.3083083e+00   4.6444888e+00
   8.3183183e+00   4.2376551e+00
   8.3283283e+00   5.3796261e+00
   8.3383383e+00   4.7228334e+00
   8.3483483e+00   4.5747085e+00
   8.3583584e+00   5.2546509e+00
   8.3683684e+00   5.2598300e+00
   8.3783784e+00   4.9289161e+00
   8.3883884e+00   4.9150902e+00
   8.3983984e+00   4.3561638e+00
   8.4084084e+00   5.5977756e+00
   8.4184184e+00   5.3779481e+00
   8.4284284e+00   5.1848713e+00
   8.4384384e+00   5.3017738e+00
   8.4484484e+00   5.5736315e+00
   8.4584585e+00   5.9860189e+00
   8.4684685e+00   5.9973660e+00
   8.4784785e+00   4.9997278e+00
   8.4884885e+00   5.9070792e+00
   8.4984985e+00   6.2927804e+00
   8.5085085e+00   5.7446041e+00
   8.5185185e+00   6.1125717e+00
   8.5285285e+00   5.0905509e+00
   8.5385385e+00   6.5652814e+00
   8.5485485e+00   5.6147136e+00
   8.5585586e+00   6.0416824e+00
   8.5685686e+00   6.5584921e+00
   8.5785786e+00   5.1194130e+00
   8.5885886e+00   6.7902195e+00
   8.5985986e+00   6.8418126e+00
   8.6086086e+00   6.4950427e+00
   8.6186186e+00   7.0278991e+00
   8.6286286e+00   5.6367314e+00
   8.6386386e+00   5.6004328e+00
   8.6486486e+00   6.8251323e+00
   8.6586587e+00   6.1295843e+00
   8.6686687e+00   5.7623442e+00
   8.6786787e+00   6.6211292e+00
   8.6886887e+00   5.9951755e+00
   8.6986987e+00   6.9742037e+00
   8.7087087e+00   6.6012645e+00
   8.7187187e+00   6.1508775e+00
   8.7287287e+00   6.6506342e+00
   8.7387387e+00   7.2639404e+00
   8.7487487e+00   7.4621917e+00
   8.7587588e+00   7.9383193e+00
   8.7687688e+00   6.9290837e+00
   8.7787788e+00   6.2658000e+00
   8.7887888e+00   8.1226574e+00
   8.7987988e+00   8.2046048e+00
   8.8088088e+00   6.3540004e+00
   8.8188188e+00   6.8355970e+00
   8.8288288e+00   7.8327666e+00
   8.8388388e+00   7.9603776e+00
   8.8488488e+00   6.5069476e+00
   8.8588589e+00   7.8609568e+00
   8.8688689e+00   7.7774227e+00
   8.8788789e+00   7.7351840e+00
   8.8888889e+00   8.3206179e+00
   8.8988989e+00   8.2673272e+00
   8.9089089e+00   8.6525012e+00
   8.9189189e+00   8.2305565e+00
   8.9289289e+00   8.8469341e+00
   8.9389389e+00   7.6360976e+00
   8.9489489e+00   7.4408453e+00
   8.9589590e+00   9.4315208e+00
   8.9689690e+00   9.2188905e+00
   8.9789790e+00   8.3681218e+00
   8.9889890e+00   8.5208452e+00
   8.9989990e+00   7.4956365e+00
   9.0090090e+00   8.4559212e+00
   9.0190190e+00   1.0074867e+01
   9.0290290e+00   8.3090396e+00
   9.0390390e+00   8.7188453e+00
   9.0490490e+00   1.0227330e+01
   9.0590591e+00   9.5280363e+00
   9.0690691e+00   9.9908017e+00
   9.0790791e+00   9.4133613e+00
   9.0890891e+00   9.7317087e+00
   9.0990991e+00   1.0286601e+01
   9.1091091e+00   9.8655083e+00
   9.1191191e+00   1.0639907e+01
   9.1291291e+00   8.8863041e+00
   9.1391391e+00   9.4160736e+00
   9.1491491e+00   1.1187693e+01
   9.1591592e+00   8.5001413e+00
   9.1691692e+00   1.1081690e+01
   9.1791792e+00   9.9891454e+00
   9.1891892e+00   8.7497856e+00
   9.1991992e+00   9.3601585e+00
   9.2092092e+00   9.1347586e+00
   9.2192192e+00   9.6987027e+00
   9.2292292e+00   1.0226935e+01
   9.2392392e+00   1.1356460e+01
   9.2492492e+00   1.1998981e+01
   9.2592593e+00   1.0397634e+01
   9.2692693e+00   9.5195077e+00
   9.2792793e+00   1.1319626e+01
   9.2892893e+00   1.2002147e+01
   9.2992993e+00   1.1826208e+01
   9.3093093e+00   1.1994168e+01
   9.3193193e+00   1.2549085e+01
   9.3293293e+00   9.8552228e+00
   9.3393393e+00   1.1176377e+01
   9.3493493e+00   1.1604903e+01
   9.3593594e+00   1.2383824e+01
   9.3693694e+00   1.1230091e+01
   9.3793794e+00   1.0106973e+01
   9.3893894e+00   1.0196191e+01
   9.3993994e+00   1.2470884e+01
   9.4094094e+00   1.3502662e+01
   9.4194194e+00   1.1375300e+01
   9.4294294e+00   1.3587594e+01
   9.4394394e+00   1.4063594e+01
   9.4494494e+00   1.1055129e+01
   9.4594595e+00   1.2654023e+01
   9.4694695e+00   1.3847535e+01
   9.4794795e+00   1.4452661e+01
   9.4894895e+00   1.1251473e+01
   9.4994995e+00   1.1548978e+01
   9.5095095e+00   1.2060925e+01
   9.5195195e+00   1.2599475e+01
   9.5295295e+00   1.1391448e+01
   9.5395395e+00   1.5002129e+01
   9.5495495e+00   1.1878374e+01
   9.5595596e+00   1.5034064e+01
   9.5695696e+00   1.2603892e+01
   9.5795796e+00   1.3720139e+01
   9.5895896e+00   1.4845761e+01
   9.5995996e+00   1.1963500e+01
   9.6096096e+00   1.5268446e+01
   9.6196196e+00   1.4058478e+01
   9.6296296e+00   1.3457733e+01
   9.6396396e+00   1.6089874e+01
   9.6496496e+00   1.4263592e+01
   9.6596597e+00   1.3231152e+01
   9.6696697e+00   1.3440650e+01
   9.6796797e+00   1.6528692e+01
   9.6896897e+00   1.5838380e+01
   9.6996997e+00   1.5688366e+01
   9.7097097e+00   1.6337698e+01
   9.7197197e+00   1.5910200e+01
   9.7297297e+00   1.5992660e+01
   9.7397397e+00   1.5480968e+01
   9.7497497e+00   1.7023421e+01
   9.7597598e+00   1.4691699e+01
   9.7697698e+00   1.7639903e+01
   9.7797798e+00   1.5902649e+01
   9.7897898e+00   1.7967515e+01
   9.7997998e+00   1.4220942e+01
   9.8098098e+00   1.7363758e+01
   9.8198198e+00   1.3924657e+01
   9.8298298e+00   1.5240173e+01
   9.8398398e+00   1.8285785e+01
   9.8498498e+00   1.4173747e+01
   9.8598599e+00   1.8802714e+01
   9.8698699e+00   1.5030712e+01
   9.8798799e+00   1.6794622e+01
   9.8898899e+00   1.5846688e+01
   9.8998999e+00   1.9072584e+01
   9.9099099e+00   1.4697506e+01
   9.9199199e+00   1.6385443e+01
   9.9299299e+00   1.7186052e+01
   9.9399399e+00   1.8865431e+01
   9.9499499e+00   1.5943338e+01
   9.9599600e+00   1.9621133e+01
   9.9699700e+00   2.0065842e+01
   9.9799800e+00   1.5967454e+01
   9.9899900e+00   1.7969847e+01
   1.0000000e+01   1.6592635e+01
