  0.00   0.00
  0.17   0.00
  0.34   0.00
  0.50   0.00
  0.67   0.00
  0.84   0.00
  1.01   0.00
  1.17   0.00
  1.34   0.00
  1.51   0.00
  1.68   0.00
  1.85   0.00
  2.01   0.00
  2.18   0.00
  2.35   0.00
  2.52   0.00
  2.69   0.00
  2.85   0.00
  3.02   0.00
  3.19   0.00
  3.36   0.00
  3.52   0.00
  3.69   0.00
  3.86   0.00
  4.03   0.01
  4.20   0.01
  4.36   0.01
  4.53   0.01
  4.70   0.01
  4.87   0.02
  5.03   0.02
  5.20   0.03
  5.37   0.03
  5.54   0.04
  5.71   0.04
  5.87   0.04
  6.04   0.06
  6.21   0.07
  6.38   0.08
  6.55   0.08
  6.71   0.10
  6.88   0.12
  7.05   0.13
  7.22   0.15
  7.38   0.17
  7.55   0.22
  7.72   0.23
  7.89   0.23
  8.06   0.26
  8.22   0.30
  8.39   0.30
  8.56   0.33
  8.73   0.40
  8.90   0.38
  9.06   0.46
  9.23   0.48
  9.40   0.57
  9.57   0.61
  9.73   0.64
  9.90   0.68
 10.07   0.65
 10.24   0.75
 10.41   0.71
 10.57   0.79
 10.74   0.76
 10.91   0.81
 11.08   0.74
 11.24   0.80
 11.41   1.00
 11.58   0.82
 11.75   0.95
 11.92   0.94
 12.08   0.96
 12.25   0.89
 12.42   0.92
 12.59   0.77
 12.76   0.76
 12.92   0.77
 13.09   0.74
 13.26   0.71
 13.43   0.69
 13.59   0.76
 13.76   0.65
 13.93   0.77
 14.10   0.68
 14.27   0.62
 14.43   0.61
 14.60   0.50
 14.77   0.56
 14.94   0.51
 15.10   0.46
 15.27   0.39
 15.44   0.40
 15.61   0.35
 15.78   0.31
 15.94   0.30
 16.11   0.25
 16.28   0.21
 16.45   0.20
 16.62   0.16
 16.78   0.14
 16.95   0.15
 17.12   0.13
 17.29   0.12
 17.45   0.10
 17.62   0.08
 17.79   0.06
 17.96   0.06
 18.13   0.06
 18.29   0.05
 18.46   0.04
 18.63   0.03
 18.80   0.02
 18.97   0.02
 19.13   0.02
 19.30   0.02
 19.47   0.01
 19.64   0.01
 19.80   0.01
 19.97   0.01
 20.14   0.00
 20.31   0.00
 20.48   0.00
 20.64   0.00
 20.81   0.00
 20.98   0.00
 21.15   0.00
 21.31   0.00
 21.48   0.00
 21.65   0.00
 21.82   0.00
 21.99   0.00
 22.15   0.00
 22.32   0.00
 22.49   0.00
 22.66   0.00
 22.83   0.00
 22.99   0.00
 23.16   0.00
 23.33   0.00
 23.50   0.00
 23.66   0.00
 23.83   0.00
 24.00   0.00
