  0.00   0.00
  0.17   0.00
  0.34   0.00
  0.50   0.00
  0.67   0.00
  0.84   0.00
  1.01   0.00
  1.17   0.00
  1.34   0.00
  1.51   0.00
  1.68   0.00
  1.85   0.00
  2.01   0.00
  2.18   0.00
  2.35   0.00
  2.52   0.00
  2.69   0.00
  2.85   0.00
  3.02   0.00
  3.19   0.00
  3.36   0.00
  3.52   0.00
  3.69   0.00
  3.86   0.00
  4.03   0.00
  4.20   0.00
  4.36   0.00
  4.53   0.00
  4.70   0.00
  4.87   0.01
  5.03   0.01
  5.20   0.01
  5.37   0.01
  5.54   0.01
  5.71   0.02
  5.87   0.02
  6.04   0.02
  6.21   0.03
  6.38   0.03
  6.55   0.04
  6.71   0.05
  6.88   0.05
  7.05   0.05
  7.22   0.07
  7.38   0.07
  7.55   0.09
  7.72   0.12
  7.89   0.11
  8.06   0.13
  8.22   0.14
  8.39   0.15
  8.56   0.21
  8.73   0.20
  8.90   0.23
  9.06   0.27
  9.23   0.26
  9.40   0.34
  9.57   0.32
  9.73   0.40
  9.90   0.45
 10.07   0.41
 10.24   0.48
 10.41   0.56
 10.57   0.55
 10.74   0.53
 10.91   0.65
 11.08   0.70
 11.24   0.71
 11.41   0.83
 11.58   0.79
 11.75   0.88
 11.92   0.73
 12.08   0.75
 12.25   0.93
 12.42   0.85
 12.59   0.80
 12.76   1.00
 12.92   0.86
 13.09   0.96
 13.26   0.95
 13.43   0.98
 13.59   0.90
 13.76   0.92
 13.93   0.80
 14.10   0.76
 14.27   0.88
 14.43   0.75
 14.60   0.83
 14.77   0.74
 14.94   0.69
 15.10   0.57
 15.27   0.68
 15.44   0.56
 15.61   0.54
 15.78   0.48
 15.94   0.42
 16.11   0.47
 16.28   0.40
 16.45   0.31
 16.62   0.34
 16.78   0.28
 16.95   0.27
 17.12   0.27
 17.29   0.21
 17.45   0.22
 17.62   0.18
 17.79   0.13
 17.96   0.15
 18.13   0.12
 18.29   0.12
 18.46   0.08
 18.63   0.07
 18.80   0.08
 18.97   0.06
 19.13   0.04
 19.30   0.04
 19.47   0.04
 19.64   0.03
 19.80   0.03
 19.97   0.02
 20.14   0.02
 20.31   0.01
 20.48   0.01
 20.64   0.01
 20.81   0.01
 20.98   0.01
 21.15   0.01
 21.31   0.00
 21.48   0.00
 21.65   0.00
 21.82   0.00
 21.99   0.00
 22.15   0.00
 22.32   0.00
 22.49   0.00
 22.66   0.00
 22.83   0.00
 22.99   0.00
 23.16   0.00
 23.33   0.00
 23.50   0.00
 23.66   0.00
 23.83   0.00
 24.00   0.00
