0.0000 
0.0000 
0.0191 
0.1167 
0.3278 
0.7098 
1.2923 
2.0449 
3.0483 
4.2380 
6.0767 
7.2717 
9.7742 
11.5674 
12.5583 
15.0489 
16.7086 
18.4931 
19.4660 
20.4445 
20.3822 
20.0083 
19.1051 
20.5625 
20.7246 
20.2422 
20.4810 
19.3169 
20.4645 
19.2863 
19.8840 
20.5050 
19.0157 
20.5739 
20.4262 
20.3605 
19.0201 
19.9148 
19.3608 
19.9630 
20.2209 
19.5869 
19.1044 
20.0344 
19.0537 
19.7085 
19.5456 
19.0559 
19.3534 
20.5051 
18.8311 
20.3837 
19.2245 
18.7007 
20.0453 
19.4562 
18.6016 
19.5719 
19.6877 
19.6572 
19.9889 
20.0670 
19.4641 
20.1674 
19.3297 
18.4772 
19.5033 
19.8814 
19.4340 
19.0638 
18.6400 
19.3288 
18.3389 
19.5257 
19.3835 
18.2430 
18.6482 
19.0397 
18.8116 
17.8933 
17.8503 
18.8189 
18.4023 
18.6104 
18.9292 
19.0981 
17.8906 
19.1094 
17.7966 
19.0535 
18.1330 
17.8156 
18.3349 
18.6361 
17.8693 
18.3647 
17.8912 
18.0810 
17.4236 
18.6148 
17.9510 
17.0885 
17.9078 
16.9631 
17.9215 
17.2758 
17.3158 
17.1047 
18.2021 
17.8606 
17.6539 
17.5691 
17.1844 
17.0541 
17.7711 
17.4361 
17.7038 
16.1951 
17.1990 
16.0871 
16.5752 
16.1412 
17.4839 
16.8535 
17.3532 
16.1612 
17.2172 
15.7971 
16.0584 
17.1353 
15.5805 
15.7572 
15.7754 
15.6532 
16.4336 
16.1979 
16.2505 
15.3861 
16.7558 
15.9849 
16.0559 
15.3092 
16.3350 
16.1422 
15.0590 
16.0248 
15.2085 
16.1683 
14.8567 
15.1066 
15.2100 
15.0149 
14.6386 
15.1976 
15.7521 
14.8197 
15.6650 
14.9786 
15.3546 
15.3489 
14.2160 
14.9112 
15.0722 
15.4124 
15.1889 
14.8914 
14.3936 
15.1371 
14.8336 
14.6202 
14.3446 
14.4270 
13.8416 
14.2648 
14.9859 
13.6400 
13.6659 
14.1911 
14.4957 
13.6503 
14.0520 
13.8699 
14.0254 
14.0913 
13.9635 
14.4624 
14.6364 
14.1289 
13.5508 
13.3097 
13.3066 
14.2888 
13.6045 
14.3631 
13.2077 
13.8948 
13.1695 
13.9157 
13.5031 
13.2606 
13.6520 
13.6011 
13.9080 
13.5960 
13.0348 
13.9902 
12.8676 
12.7756 
13.4265 
13.6981 
13.2918 
12.8303 
12.7539 
13.1154 
13.1459 
13.7351 
13.2845 
12.9049 
12.9318 
13.4854 
13.1247 
12.4107 
13.3928 
12.9116 
12.9350 
12.8506 
13.2580 
12.3362 
12.8024 
12.3217 
12.1478 
12.2166 
12.0891 
13.1711 
12.6491 
12.3527 
12.3787 
12.1500 
13.1409 
12.4767 
12.6831 
11.9861 
12.2909 
12.9975 
12.9786 
11.8241 
12.1781 
12.5698 
12.0475 
12.4074 
12.1404 
11.8101 
12.0002 
12.3462 
12.4690 
12.5092 
11.6234 
11.6324 
11.9837 
12.0572 
11.9716 
11.7808 
11.9102 
12.0476 
12.2590 
12.4756 
11.8273 
11.7348 
11.9109 
12.0057 
11.9173 
11.6730 
12.1191 
12.1720 
12.2702 
11.3773 
12.1431 
11.3737 
11.2650 
11.8766 
11.7480 
11.2332 
11.2805 
11.1555 
11.4843 
11.3038 
11.0890 
12.1387 
11.5682 
11.1474 
11.9047 
11.6150 
11.1441 
11.9962 
12.1316 
11.2166 
11.3865 
11.1873 
11.9360 
12.1456 
11.9578 
11.9116 
11.8805 
11.7656 
12.0795 
11.8793 
11.4097 
11.1297 
11.6478 
11.7049 
11.7376 
11.8042 
12.0530 
11.6672 
11.2838 
11.3718 
11.8562 
11.8701 
11.0538 
11.9858 
11.9887 
11.8759 
11.1458 
11.1850 
12.0587 
11.1622 
11.3296 
12.1245 
11.0917 
11.4657 
11.9824 
12.1298 
11.2916 
11.5707 
11.3207 
12.1329 
12.0035 
12.0247 
11.8374 
12.2043 
11.8303 
12.2169 
12.2900 
11.7664 
11.5790 
11.8038 
11.4133 
12.2284 
11.6334 
12.2925 
12.1757 
11.8274 
12.2929 
11.8041 
11.3517 
11.6160 
12.3573 
12.5227 
11.9726 
12.7561 
12.7409 
12.5802 
12.9661 
12.0299 
12.6171 
12.8911 
13.0975 
13.6436 
13.3308 
12.7788 
13.7434 
13.5456 
13.5334 
13.1082 
13.4386 
14.4714 
14.6472 
13.9176 
14.4720 
14.0867 
14.0343 
14.8752 
15.3206 
14.2911 
14.8665 
15.7262 
14.5135 
14.5493 
16.0969 
15.9709 
15.6273 
16.0644 
16.2210 
15.8273 
15.6761 
15.7903 
15.0960 
15.6920 
15.7751 
15.4686 
15.2765 
15.5139 
16.4869 
15.0642 
15.3760 
16.1028 
15.8985 
15.2008 
16.1670 
16.2880 
16.0841 
15.6443 
15.2133 
15.0437 
15.1610 
15.0786 
14.2422 
14.8428 
14.0026 
14.9126 
14.0584 
14.1159 
13.6687 
13.6895 
14.3436 
13.7297 
13.9319 
14.2470 
13.9566 
12.9312 
13.9081 
13.4893 
12.6083 
13.2842 
12.9573 
12.8992 
12.2325 
12.1095 
12.7788 
12.4564 
11.7753 
12.1440 
12.6549 
12.6221 
11.7645 
12.1665 
11.6828 
12.5376 
12.3976 
12.3929 
12.1267 
11.6698 
11.4189 
12.0561 
11.8905 
12.4187 
12.3838 
12.5068 
12.0332 
12.1716 
12.4542 
12.2611 
11.6521 
12.2561 
12.4372 
12.5701 
11.9069 
12.0041 
12.5667 
13.0005 
12.2663 
12.5721 
12.4566 
12.2948 
12.1548 
13.2699 
12.6379 
13.3555 
12.4041 
13.2295 
13.4611 
12.3993 
13.5720 
13.0620 
13.7365 
13.6001 
12.6446 
13.8399 
13.0050 
13.8536 
12.9439 
13.7359 
14.0894 
13.2789 
13.7041 
13.4709 
13.1686 
14.4444 
13.3564 
14.4534 
14.0221 
13.9788 
13.4960 
14.3918 
14.3911 
14.2255 
14.8335 
15.0827 
14.0177 
14.2704 
14.8333 
14.2882 
15.0801 
14.9814 
15.1368 
14.4488 
15.0106 
15.7773 
14.5515 
15.1615 
15.9285 
14.5768 
14.9898 
15.3031 
15.7691 
15.2963 
15.6664 
15.1297 
14.8672 
15.4823 
15.9173 
15.2254 
15.1846 
16.0673 
16.1238 
15.0388 
16.6083 
15.0915 
16.0076 
16.1924 
16.5807 
16.6355 
16.6488 
15.5254 
15.9168 
16.3195 
15.3222 
16.7285 
15.7124 
15.3523 
15.2721 
15.8663 
15.2386 
15.3584 
15.2905 
16.1530 
16.5600 
16.3795 
15.7931 
15.7517 
15.2878 
15.2569 
15.9754 
15.6323 
16.3281 
16.0086 
16.0869 
16.0855 
16.3346 
16.1125 
15.3909 
15.8153 
16.0397 
15.7507 
16.1503 
15.3566 
16.0149 
15.9896 
15.4946 
14.6732 
15.1038 
14.6716 
15.0179 
15.1727 
14.8277 
14.1244 
14.7455 
14.5871 
14.5131 
14.8011 
13.7397 
14.0410 
15.0306 
13.8538 
14.1136 
14.4710 
14.0378 
14.4286 
14.5101 
13.8192 
