0.0000 
0.0000 
0.0152 
0.0878 
0.2679 
0.5381 
1.0505 
1.6936 
2.4157 
3.3538 
4.4413 
5.8227 
7.3324 
8.6450 
9.7805 
12.0991 
12.9062 
13.6971 
15.5538 
15.6742 
16.3729 
15.8941 
15.3841 
15.5236 
15.7647 
15.0749 
15.5460 
15.4420 
15.2669 
16.2628 
15.5843 
16.1745 
15.3610 
16.0917 
16.2697 
14.9409 
15.2114 
15.5698 
15.3763 
14.8506 
15.2849 
14.8349 
14.8936 
14.8553 
15.9046 
15.5220 
14.7350 
14.7037 
15.9879 
15.0168 
15.5038 
14.5189 
14.7334 
14.9516 
14.4914 
15.7718 
15.7823 
15.1537 
14.8711 
15.7385 
14.4294 
15.1190 
15.1318 
14.7290 
15.5291 
15.0169 
15.5705 
14.3979 
15.0707 
15.2886 
14.4797 
15.4667 
14.7583 
14.8005 
14.6147 
14.1563 
14.5628 
15.2430 
15.2342 
14.3684 
14.2300 
14.4942 
14.2265 
14.1574 
14.0210 
13.6135 
14.2791 
14.1593 
14.2944 
13.5754 
13.9738 
13.7895 
14.6296 
13.5514 
14.4997 
13.8164 
13.9806 
13.2837 
14.2473 
13.5034 
14.2577 
13.1728 
13.6837 
13.8079 
13.8755 
14.0791 
13.0980 
13.9697 
13.6560 
13.6507 
12.8689 
13.4425 
13.2124 
13.2376 
13.4947 
13.7917 
12.6446 
12.8488 
12.6405 
13.6522 
13.1129 
13.4551 
12.8620 
13.4689 
12.9560 
12.3918 
13.1467 
13.3643 
12.7081 
12.5986 
12.8798 
12.6677 
12.3966 
12.5729 
12.0529 
12.2918 
12.0601 
11.8933 
12.0479 
12.2637 
11.8442 
12.9205 
12.2396 
12.0133 
12.0302 
12.6137 
12.0223 
11.6772 
12.2177 
11.7651 
11.8992 
11.4929 
11.5932 
11.4232 
12.4216 
12.1316 
12.0889 
11.3256 
12.1860 
12.1530 
11.9131 
11.1950 
12.1564 
11.4595 
11.5204 
12.0059 
11.3118 
11.5837 
11.1527 
12.0823 
11.7931 
11.8474 
11.3733 
11.0755 
11.5296 
11.6729 
10.9361 
10.8335 
11.0276 
11.1363 
11.0372 
11.5913 
11.3623 
11.0043 
11.6587 
11.3815 
10.9712 
11.4931 
10.7837 
10.8274 
11.3899 
10.9035 
11.0943 
11.1852 
11.5004 
11.6431 
10.9913 
10.8854 
11.2361 
10.9781 
10.8662 
11.5490 
11.1106 
10.8616 
10.9625 
10.6586 
11.2313 
10.9442 
10.7483 
11.3012 
11.0669 
11.3486 
10.4953 
10.7154 
10.7385 
11.4893 
10.6853 
10.7592 
10.5921 
11.1499 
11.3039 
11.0302 
11.0744 
10.8388 
11.2491 
11.1272 
11.0580 
11.0828 
11.0536 
10.8994 
10.8224 
11.0759 
10.4652 
10.7762 
10.5920 
11.1379 
11.2146 
10.4502 
10.5163 
10.7978 
10.7926 
11.4945 
10.8746 
11.0475 
11.2192 
10.8457 
11.4389 
11.0057 
10.5349 
10.7731 
10.6542 
10.6439 
11.4124 
10.5099 
10.9184 
10.9652 
10.8214 
10.5037 
10.6652 
11.3291 
10.7053 
11.2417 
11.2754 
10.8727 
11.4484 
11.0195 
11.2652 
10.5187 
11.3893 
10.6371 
10.5161 
10.8165 
10.5271 
11.3664 
10.5182 
10.9053 
10.4330 
11.4288 
10.6289 
11.1095 
10.6746 
10.5458 
10.5537 
10.7662 
11.1924 
11.3868 
10.7433 
10.8407 
10.6432 
10.7038 
10.8815 
11.2324 
10.4459 
10.4265 
10.3574 
11.0068 
10.4748 
10.3450 
11.2561 
10.3644 
11.2268 
10.4652 
11.0673 
10.5572 
10.3522 
10.2857 
10.4134 
10.5631 
10.3751 
10.5744 
10.1309 
10.3742 
10.8168 
10.1514 
10.4620 
10.5057 
10.3025 
10.1696 
10.3601 
10.6919 
10.3767 
10.5377 
9.8177 
10.5550 
10.5173 
9.8446 
9.6018 
10.2939 
9.8843 
9.8832 
10.3083 
9.4666 
10.1350 
9.2588 
10.0212 
10.0445 
9.6018 
9.7752 
9.2601 
9.8930 
9.7313 
9.3807 
9.8668 
9.8002 
9.6744 
8.9977 
9.1052 
9.8662 
9.5044 
9.3187 
9.6463 
9.8543 
9.6020 
9.6963 
9.0552 
9.7095 
9.6500 
9.8162 
10.1589 
9.9102 
10.1794 
10.5875 
9.9748 
10.1702 
10.7078 
11.0322 
10.8519 
11.0611 
11.0594 
11.0861 
10.9811 
11.7458 
12.2303 
11.3741 
11.5693 
11.8125 
11.8361 
13.1309 
12.7050 
12.3591 
12.9967 
13.8289 
13.0448 
14.1022 
13.6295 
14.3506 
13.7645 
14.2582 
14.0325 
14.5711 
13.8549 
15.0419 
13.8844 
14.8065 
14.2681 
15.3363 
14.0719 
15.4588 
14.1671 
14.1987 
15.1371 
14.5866 
15.1780 
14.6741 
14.7449 
14.5597 
15.3554 
14.6895 
14.2170 
14.6094 
13.9643 
14.9520 
14.1439 
14.0485 
14.8777 
14.3588 
14.3603 
14.2490 
14.0954 
13.8284 
14.3093 
14.1132 
13.6049 
14.1894 
14.1150 
13.3981 
14.2321 
13.9848 
13.3640 
12.9827 
13.2208 
13.5769 
13.6642 
12.9862 
13.1009 
13.3576 
12.9367 
12.2997 
12.7311 
12.7665 
12.7456 
13.0535 
13.1256 
12.0631 
12.4745 
12.6942 
12.9743 
11.9164 
12.7623 
11.8393 
12.3837 
12.9781 
12.1212 
12.8214 
12.5173 
12.8479 
12.0726 
12.3888 
12.6784 
12.2916 
11.7483 
12.7614 
12.7650 
12.5095 
11.8851 
11.9340 
12.3557 
11.7879 
12.1476 
12.3058 
11.9844 
12.4989 
11.6896 
12.5346 
12.3279 
12.4575 
11.3880 
12.0728 
12.2113 
11.9409 
11.7586 
12.4492 
11.4012 
11.3931 
11.9785 
12.3668 
12.2130 
12.0656 
12.0408 
11.2713 
11.9733 
12.1643 
12.0858 
11.4818 
11.8652 
11.1840 
11.5006 
11.3066 
12.0905 
11.5690 
11.4590 
12.0916 
11.1163 
11.3133 
11.5757 
11.7383 
11.1516 
11.7465 
11.6997 
11.3841 
11.2002 
11.6754 
11.6238 
11.6224 
11.5907 
11.0461 
12.0803 
11.5064 
11.8779 
11.3437 
11.5529 
11.2988 
11.3546 
11.9815 
11.8890 
11.9556 
11.1435 
11.9050 
12.0455 
11.0014 
10.9281 
11.1288 
11.4281 
11.6360 
11.6237 
11.6275 
11.1794 
11.0850 
11.6166 
11.5289 
12.0006 
11.5289 
10.9591 
11.0828 
11.0177 
11.1981 
11.2009 
11.7771 
11.7266 
11.2397 
11.5714 
11.7968 
11.5517 
11.1888 
11.0180 
10.9300 
11.3330 
11.3630 
11.7996 
11.4517 
11.6717 
11.5456 
11.1546 
11.5274 
11.4130 
11.6783 
11.5202 
11.4659 
11.7454 
11.8089 
11.9975 
11.8495 
11.1638 
11.1311 
11.6257 
11.9180 
11.3232 
11.7588 
12.3202 
11.3980 
11.4743 
12.3275 
11.4723 
11.5668 
11.8897 
11.4718 
11.5914 
12.6007 
11.7721 
12.2831 
12.5005 
12.5634 
12.7684 
12.7351 
12.2039 
12.6760 
12.8208 
11.8773 
12.4750 
11.9647 
